 F,      BusId,       PA,       PB,       PC,       P3, XA, XB, XC, X3,       id_A,       id_B,       id_C,       id_3
 0,    1345617,     47.0,     47.0,     47.0,    150.0,  9, 10, 11,  9,    1465230,    1465230,    1465230,    1465230
 0,    2579732,     62.0,     62.0,     62.0,    190.0,  9, 10, 11, 10,    1465002,    1465002,    1465002,    1465002
 0,    1351053,     64.0,     63.0,     63.0,    193.0,  9, 10, 11, 10,    1465002,    1465002,    1465002,    1465002
 0,    1351794,     22.0,     22.0,     22.0,     72.0,  9, 10, 11,  9,    1469146,    1469146,    1469146,    1469146
 0,    2189396,     13.0,     13.0,     12.0,     39.0,  9, 10, 11, 11,    1874528,    1874528,    1874528,    1874528
 0,    2189391,     13.0,     13.0,     12.0,     39.0,  9, 10, 11, 11,    1874528,    1874528,    1874528,    1874528
 0,    2189579,     24.0,     24.0,     24.0,     73.0,  9, 10, 11,  9,    2148234,    2148234,    2148234,    2148234
 0,    2563702,     64.0,     63.0,     63.0,    193.0,  9, 10, 11, 10,    1465002,    1465002,    1465002,    1465002
 1,    1345617,     47.0,     47.0,     47.0,    150.0,  9, 10, 11,  9,    1465230,    1465230,    1465230,    1465230
 1,    2579732,     62.0,     62.0,     62.0,    191.0,  9, 10, 11, 10,    1465002,    1465002,    1465002,    1465002
 1,    1351053,     64.0,     64.0,     64.0,    194.0,  9, 10, 11, 10,    1465002,    1465002,    1465002,    1465002
 1,    1351794,     23.0,     23.0,     23.0,     72.0,  9, 10, 11,  9,    1469146,    1469146,    1469146,    1469146
 1,    2189396,     14.0,     13.0,     13.0,     41.0,  9, 10, 11, 10,    1874528,    1874528,    1874528,    1874528
 1,    2189391,     14.0,     13.0,     13.0,     40.0,  9, 10, 11, 11,    1874528,    1874528,    1874528,    1874528
 1,    2189579,     24.0,     24.0,     24.0,     73.0,  9, 10, 11,  9,    2148234,    2148234,    2148234,    2148234
 1,    2563702,     64.0,     64.0,     64.0,    194.0,  9, 10, 11, 10,    1465002,    1465002,    1465002,    1465002
 2,    1345617,     47.0,     47.0,     47.0,    150.0,  9, 10, 11,  9,    1465230,    1465230,    1465230,    1465230
 2,    2579732,     63.0,     62.0,     62.0,    191.0,  9, 10, 11, 11,    1465002,    1465002,    1465002,    1465002
 2,    1351053,     65.0,     64.0,     64.0,    194.0,  9, 10, 11, 10,    1465002,    1465002,    1465002,    1465002
 2,    1351794,     23.0,     23.0,     23.0,     72.0,  9, 10, 11,  9,    1469146,    1469146,    1469146,    1469146
 2,    2189396,     15.0,     14.0,     13.0,     41.0,  9, 10, 11, 11,    1874528,    1874528,    1874528,    1874528
 2,    2189391,     15.0,     14.0,     13.0,     41.0,  9, 10, 11, 11,    1874528,    1874528,    1874528,    1874528
 2,    2189579,     24.0,     24.0,     24.0,     73.0,  9, 10, 11,  9,    2148234,    2148234,    2148234,    2148234
 2,    2563702,     65.0,     64.0,     64.0,    194.0,  9, 10, 11, 10,    1465002,    1465002,    1465002,    1465002
 3,    1345617,     47.0,     47.0,     47.0,    150.0,  9, 10, 11,  9,    1465230,    1465230,    1465230,    1465230
 3,    2579732,     63.0,     62.0,     62.0,    191.0,  9, 10, 11, 11,    1465002,    1465002,    1465002,    1465002
 3,    1351053,     65.0,     64.0,     64.0,    194.0,  9, 10, 11, 11,    1465002,    1465002,    1465002,    1465002
 3,    1351794,     23.0,     23.0,     23.0,     72.0,  9, 10, 11,  9,    1469146,    1469146,    1469146,    1469146
 3,    2189396,     15.0,     14.0,     13.0,     40.0,  9, 10, 11, 11,    1874528,    1874528,    1874528,    1874528
 3,    2189391,     14.0,     14.0,     13.0,     40.0,  9, 10, 11, 11,    1874528,    1874528,    1874528,    1874528
 3,    2189579,     24.0,     24.0,     24.0,     73.0,  9, 10, 11,  9,    2148234,    2148234,    2148234,    2148234
 3,    2563702,     65.0,     64.0,     64.0,    194.0,  9, 10, 11, 11,    1465002,    1465002,    1465002,    1465002
 4,    1345617,     47.0,     47.0,     47.0,    150.0,  9, 10, 11,  9,    1465230,    1465230,    1465230,    1465230
 4,    2579732,     63.0,     62.0,     62.0,    190.0,  9, 10, 11, 11,    1465002,    1465002,    1465002,    1465002
 4,    1351053,     65.0,     64.0,     63.0,    193.0,  9, 10, 11, 11,    1465002,    1465002,    1465002,    1465002
 4,    1351794,     23.0,     23.0,     23.0,     72.0,  9, 10, 11,  9,    1469146,    1469146,    1469146,    1469146
 4,    2189396,     14.0,     14.0,     13.0,     42.0,  9, 10, 11, 11,    1874528,    1874528,    1874528,    1874528
 4,    2189391,     14.0,     14.0,     13.0,     42.0,  9, 10, 11, 11,    1874528,    1874528,    1874528,    1874528
 4,    2189579,     24.0,     24.0,     24.0,     73.0,  9, 10, 11,  9,    2148234,    2148234,    2148234,    2148234
 4,    2563702,     65.0,     64.0,     63.0,    193.0,  9, 10, 11, 11,    1465002,    1465002,    1465002,    1465002
 5,    1345617,     47.0,     47.0,     47.0,    150.0,  9, 10, 11,  9,    1465230,    1465230,    1465230,    1465230
 5,    2579732,     63.0,     62.0,     62.0,    192.0,  9, 10, 11, 10,    1465002,    1465002,    1465002,    1465002
 5,    1351053,     65.0,     64.0,     64.0,    195.0,  9, 10, 11, 10,    1465002,    1465002,    1465002,    1465002
 5,    1351794,     23.0,     23.0,     23.0,     72.0,  9, 10, 11,  9,    1469146,    1469146,    1469146,    1469146
 5,    2189396,     15.0,     14.0,     13.0,     42.0,  9, 10, 11, 11,    1874528,    1874528,    1874528,    1874528
 5,    2189391,     15.0,     14.0,     13.0,     42.0,  9, 10, 11, 11,    1874528,    1874528,    1874528,    1874528
 5,    2189579,     24.0,     24.0,     24.0,     73.0,  9, 10, 11,  9,    2148234,    2148234,    2148234,    2148234
 5,    2563702,     65.0,     64.0,     64.0,    194.0,  9, 10, 11, 11,    1465002,    1465002,    1465002,    1465002
 6,    1345617,     47.0,     47.0,     47.0,    150.0,  9, 10, 11,  9,    1465230,    1465230,    1465230,    1465230
 6,    2579732,     63.0,     62.0,     62.0,    192.0,  9, 10, 11, 10,    1465002,    1465002,    1465002,    1465002
 6,    1351053,     65.0,     64.0,     64.0,    195.0,  9, 10, 11, 10,    1465002,    1465002,    1465002,    1465002
 6,    1351794,     23.0,     23.0,     23.0,     72.0,  9, 10, 11,  9,    1469146,    1469146,    1469146,    1469146
 6,    2189396,     14.0,     14.0,     13.0,     41.0,  9, 10, 11, 11,    1874528,    1874528,    1874528,    1874528
 6,    2189391,     14.0,     14.0,     13.0,     41.0,  9, 10, 11, 11,    1874528,    1874528,    1874528,    1874528
 6,    2189579,     24.0,     24.0,     24.0,     73.0,  9, 10, 11,  9,    2148234,    2148234,    2148234,    2148234
 6,    2563702,     65.0,     64.0,     64.0,    195.0,  9, 10, 11, 10,    1465002,    1465002,    1465002,    1465002
 7,    1345617,     47.0,     47.0,     47.0,    150.0,  9, 10, 11,  9,    1465230,    1465230,    1465230,    1465230
 7,    2579732,     62.0,     62.0,     61.0,    189.0,  9, 10, 11, 11,    1465002,    1465002,    1465002,    1465002
 7,    1351053,     64.0,     64.0,     63.0,    192.0,  9, 10, 11, 11,    1465002,    1465002,    1465002,    1465002
 7,    1351794,     23.0,     23.0,     23.0,     72.0,  9, 10, 11,  9,    1469146,    1469146,    1469146,    1469146
 7,    2189396,     14.0,     13.0,     13.0,     40.0,  9, 10, 11, 11,    1874528,    1874528,    1874528,    1874528
 7,    2189391,     14.0,     13.0,     13.0,     40.0,  9, 10, 11, 11,    1874528,    1874528,    1874528,    1874528
 7,    2189579,     24.0,     24.0,     24.0,     73.0,  9, 10, 11,  9,    2148234,    2148234,    2148234,    2148234
 7,    2563702,     64.0,     64.0,     63.0,    192.0,  9, 10, 11, 11,    1465002,    1465002,    1465002,    1465002
 8,    1345617,     47.0,     47.0,     47.0,    150.0,  9, 10, 11,  9,    1465230,    1465230,    1465230,    1465230
 8,    2579732,     61.0,     62.0,     59.0,    183.0,  9, 10, 11, 11,    1465002,    1465002,    1465002,    1465002
 8,    1351053,     63.0,     64.0,     61.0,    186.0,  9, 10, 11, 11,    1465002,    1465002,    1465002,    1465002
 8,    1351794,     23.0,     23.0,     23.0,     72.0,  9, 10, 11,  9,    1469146,    1469146,    1469146,    1469146
 8,    2189396,     11.0,     11.0,     12.0,     34.0,  9, 10, 11,  9,    1874528,    1874528,    1874528,    1874528
 8,    2189391,     11.0,     11.0,     12.0,     34.0,  9, 10, 11,  9,    1874528,    1874528,    1874528,    1874528
 8,    2189579,     24.0,     24.0,     24.0,     73.0,  9, 10, 11,  9,    2148234,    2148234,    2148234,    2148234
 8,    2563702,     63.0,     64.0,     61.0,    186.0,  9, 10, 11, 11,    1465002,    1465002,    1465002,    1465002
 9,    1345617,     47.0,     47.0,     47.0,    150.0,  9, 10, 11,  9,    1465230,    1465230,    1465230,    1465230
 9,    2579732,     61.0,     60.0,     59.0,    182.0,  9, 10, 11, 11,    1465002,    1465002,    1465002,    1465002
 9,    1351053,     62.0,     62.0,     61.0,    184.0,  9, 10, 11, 11,    1465002,    1465002,    1465002,    1465002
 9,    1351794,     23.0,     23.0,     23.0,     72.0,  9, 10, 11,  9,    1469146,    1469146,    1469146,    1469146
 9,    2189396,     10.0,     10.0,     10.0,     32.0,  9, 10, 11,  9,    1874528,    1874528,    1874528,    1874528
 9,    2189391,     10.0,     10.0,     10.0,     31.0,  9, 10, 11, 10,    1874528,    1874528,    1874528,    1874528
 9,    2189579,     24.0,     24.0,     24.0,     73.0,  9, 10, 11,  9,    2148234,    2148234,    2148234,    2148234
 9,    2563702,     62.0,     62.0,     61.0,    184.0,  9, 10, 11, 11,    1465002,    1465002,    1465002,    1465002
10,    1345617,     47.0,     47.0,     47.0,    150.0,  9, 10, 11,  9,    1465230,    1465230,    1465230,    1465230
10,    2579732,     59.0,     57.0,     57.0,    175.0,  9, 10, 11, 11,    1465002,    1465002,    1465002,    1465002
10,    1351053,     61.0,     59.0,     58.0,    177.0,  9, 10, 11, 11,    1465002,    1465002,    1465002,    1465002
10,    1351794,     23.0,     23.0,     23.0,     72.0,  9, 10, 11,  9,    1469146,    1469146,    1469146,    1469146
10,    2189396,      9.0,      8.0,      8.0,     26.0,  9, 10, 11, 10,    1874528,    1874528,    1874528,    1874528
10,    2189391,      9.0,      8.0,      8.0,     26.0,  9, 10, 11, 10,    1874528,    1874528,    1874528,    1874528
10,    2189579,     24.0,     24.0,     24.0,     73.0,  9, 10, 11,  9,    2148234,    2148234,    2148234,    2148234
10,    2563702,     61.0,     58.0,     58.0,    177.0,  9, 10, 11, 11,    1465002,    1465002,    1465002,    1465002
11,    1345617,     47.0,     47.0,     47.0,    150.0,  9, 10, 11,  9,    1465230,    1465230,    1465230,    1465230
11,    2579732,     60.0,     58.0,     57.0,    176.0,  9, 10, 11, 11,    1465002,    1465002,    1465002,    1465002
11,    1351053,     61.0,     60.0,     59.0,    178.0,  9, 10, 11, 11,    1465002,    1465002,    1465002,    1465002
11,    1351794,     23.0,     23.0,     23.0,     72.0,  9, 10, 11,  9,    1469146,    1469146,    1469146,    1469146
11,    2189396,      9.0,      9.0,      9.0,     29.0,  9, 10, 11,  9,    1874528,    1874528,    1874528,    1874528
11,    2189391,      9.0,      9.0,      9.0,     29.0,  9, 10, 11,  9,    1874528,    1874528,    1874528,    1874528
11,    2189579,     24.0,     24.0,     24.0,     73.0,  9, 10, 11,  9,    2148234,    2148234,    2148234,    2148234
11,    2563702,     61.0,     60.0,     59.0,    178.0,  9, 10, 11, 11,    1465002,    1465002,    1465002,    1465002
12,    1345617,     47.0,     47.0,     47.0,    150.0,  9, 10, 11,  9,    1465230,    1465230,    1465230,    1465230
12,    2579732,     60.0,     59.0,     60.0,    181.0,  9, 10, 11, 10,    1465002,    1465002,    1465002,    1465002
12,    1351053,     62.0,     60.0,     62.0,    183.0,  9, 10, 11, 10,    1465002,    1465002,    1465002,    1465002
12,    1351794,     23.0,     23.0,     23.0,     72.0,  9, 10, 11,  9,    1469146,    1469146,    1469146,    1469146
12,    2189396,      9.0,     11.0,     10.0,     27.0,  9, 10, 11,  9,    1874528,    1874528,    1874528,    1874528
12,    2189391,      9.0,     11.0,     10.0,     27.0,  9, 10, 11,  9,    1874528,    1874528,    1874528,    1874528
12,    2189579,     24.0,     24.0,     24.0,     73.0,  9, 10, 11,  9,    2148234,    2148234,    2148234,    2148234
12,    2563702,     62.0,     60.0,     62.0,    183.0,  9, 10, 11, 10,    1465002,    1465002,    1465002,    1465002
13,    1345617,     47.0,     47.0,     47.0,    150.0,  9, 10, 11,  9,    1465230,    1465230,    1465230,    1465230
13,    2579732,     60.0,     60.0,     60.0,    184.0,  9, 10, 11,  9,    1465002,    1465002,    1465002,    1465002
13,    1351053,     61.0,     62.0,     61.0,    187.0,  9, 10, 11,  9,    1465002,    1465002,    1465002,    1465002
13,    1351794,     23.0,     23.0,     23.0,     72.0,  9, 10, 11,  9,    1469146,    1469146,    1469146,    1469146
13,    2189396,     10.0,      9.0,      7.0,     24.0,  9, 10, 11, 11,    1874528,    1874528,    1874528,    1874528
13,    2189391,     10.0,      9.0,      7.0,     24.0,  9, 10, 11, 11,    1874528,    1874528,    1874528,    1874528
13,    2189579,     24.0,     24.0,     24.0,     73.0,  9, 10, 11,  9,    2148234,    2148234,    2148234,    2148234
13,    2563702,     61.0,     62.0,     61.0,    186.0,  9, 10, 11,  9,    1465002,    1465002,    1465002,    1465002
14,    1345617,     47.0,     47.0,     47.0,    150.0,  9, 10, 11,  9,    1465230,    1465230,    1465230,    1465230
14,    2579732,     61.0,     61.0,     60.0,    186.0,  9, 10, 11, 11,    1465002,    1465002,    1465002,    1465002
14,    1351053,     63.0,     63.0,     62.0,    188.0,  9, 10, 11, 11,    1465002,    1465002,    1465002,    1465002
14,    1351794,     23.0,     23.0,     23.0,     72.0,  9, 10, 11,  9,    1469146,    1469146,    1469146,    1469146
14,    2189396,     12.0,      9.0,      8.0,     25.0,  9, 10, 11, 11,    1874528,    1874528,    1874528,    1874528
14,    2189391,     12.0,      9.0,      8.0,     25.0,  9, 10, 11, 11,    1874528,    1874528,    1874528,    1874528
14,    2189579,     24.0,     24.0,     24.0,     73.0,  9, 10, 11,  9,    2148234,    2148234,    2148234,    2148234
14,    2563702,     63.0,     63.0,     62.0,    188.0,  9, 10, 11, 11,    1465002,    1465002,    1465002,    1465002
15,    1345617,     47.0,     47.0,     47.0,    150.0,  9, 10, 11,  9,    1465230,    1465230,    1465230,    1465230
15,    2579732,     62.0,     61.0,     61.0,    188.0,  9, 10, 11, 11,    1465002,    1465002,    1465002,    1465002
15,    1351053,     64.0,     63.0,     63.0,    190.0,  9, 10, 11, 11,    1465002,    1465002,    1465002,    1465002
15,    1351794,     23.0,     23.0,     23.0,     72.0,  9, 10, 11,  9,    1469146,    1469146,    1469146,    1469146
15,    2189396,     11.0,     12.0,      9.0,     28.0,  9, 10, 11, 11,    1874528,    1874528,    1874528,    1874528
15,    2189391,     11.0,     12.0,      9.0,     28.0,  9, 10, 11, 11,    1874528,    1874528,    1874528,    1874528
15,    2189579,     24.0,     24.0,     24.0,     73.0,  9, 10, 11,  9,    2148234,    2148234,    2148234,    2148234
15,    2563702,     64.0,     63.0,     63.0,    190.0,  9, 10, 11, 11,    1465002,    1465002,    1465002,    1465002
16,    1345617,     47.0,     47.0,     47.0,    150.0,  9, 10, 11,  9,    1465230,    1465230,    1465230,    1465230
16,    2579732,     61.0,     60.0,     60.0,    184.0,  9, 10, 11, 10,    1465002,    1465002,    1465002,    1465002
16,    1351053,     62.0,     61.0,     62.0,    186.0,  9, 10, 11, 10,    1465002,    1465002,    1465002,    1465002
16,    1351794,     23.0,     23.0,     23.0,     72.0,  9, 10, 11,  9,    1469146,    1469146,    1469146,    1469146
16,    2189396,     12.0,     12.0,     10.0,     31.0,  9, 10, 11, 11,    1874528,    1874528,    1874528,    1874528
16,    2189391,     12.0,     12.0,     10.0,     31.0,  9, 10, 11, 11,    1874528,    1874528,    1874528,    1874528
16,    2189579,     24.0,     24.0,     24.0,     73.0,  9, 10, 11,  9,    2148234,    2148234,    2148234,    2148234
16,    2563702,     62.0,     61.0,     62.0,    186.0,  9, 10, 11, 10,    1465002,    1465002,    1465002,    1465002
17,    1345617,     47.0,     47.0,     47.0,    150.0,  9, 10, 11,  9,    1465230,    1465230,    1465230,    1465230
17,    2579732,     60.0,     58.0,     58.0,    179.0,  9, 10, 11, 10,    1465002,    1465002,    1465002,    1465002
17,    1351053,     61.0,     60.0,     60.0,    182.0,  9, 10, 11, 10,    1465002,    1465002,    1465002,    1465002
17,    1351794,     23.0,     23.0,     23.0,     72.0,  9, 10, 11,  9,    1469146,    1469146,    1469146,    1469146
17,    2189396,     12.0,     10.0,     11.0,     33.0,  9, 10, 11, 10,    1874528,    1874528,    1874528,    1874528
17,    2189391,     12.0,     10.0,     11.0,     33.0,  9, 10, 11, 10,    1874528,    1874528,    1874528,    1874528
17,    2189579,     24.0,     24.0,     24.0,     73.0,  9, 10, 11,  9,    2148234,    2148234,    2148234,    2148234
17,    2563702,     61.0,     60.0,     60.0,    181.0,  9, 10, 11, 11,    1465002,    1465002,    1465002,    1465002
18,    1345617,     47.0,     47.0,     47.0,    150.0,  9, 10, 11,  9,    1465230,    1465230,    1465230,    1465230
18,    2579732,     60.0,     59.0,     59.0,    181.0,  9, 10, 11, 10,    1465002,    1465002,    1465002,    1465002
18,    1351053,     62.0,     60.0,     61.0,    184.0,  9, 10, 11, 10,    1465002,    1465002,    1465002,    1465002
18,    1351794,     23.0,     23.0,     23.0,     72.0,  9, 10, 11,  9,    1469146,    1469146,    1469146,    1469146
18,    2189396,     11.0,      9.0,     10.0,     30.0,  9, 10, 11, 10,    1874528,    1874528,    1874528,    1874528
18,    2189391,     11.0,      9.0,     10.0,     30.0,  9, 10, 11, 10,    1874528,    1874528,    1874528,    1874528
18,    2189579,     24.0,     24.0,     24.0,     73.0,  9, 10, 11,  9,    2148234,    2148234,    2148234,    2148234
18,    2563702,     62.0,     60.0,     61.0,    184.0,  9, 10, 11, 10,    1465002,    1465002,    1465002,    1465002
19,    1345617,     47.0,     47.0,     47.0,    150.0,  9, 10, 11,  9,    1465230,    1465230,    1465230,    1465230
19,    2579732,     61.0,     61.0,     60.0,    184.0,  9, 10, 11, 11,    1465002,    1465002,    1465002,    1465002
19,    1351053,     63.0,     62.0,     62.0,    187.0,  9, 10, 11, 11,    1465002,    1465002,    1465002,    1465002
19,    1351794,     23.0,     23.0,     23.0,     72.0,  9, 10, 11,  9,    1469146,    1469146,    1469146,    1469146
19,    2189396,     10.0,     11.0,      9.0,     28.0,  9, 10, 11, 11,    1874528,    1874528,    1874528,    1874528
19,    2189391,     10.0,     11.0,      9.0,     28.0,  9, 10, 11, 11,    1874528,    1874528,    1874528,    1874528
19,    2189579,     24.0,     24.0,     24.0,     73.0,  9, 10, 11,  9,    2148234,    2148234,    2148234,    2148234
19,    2563702,     63.0,     62.0,     61.0,    187.0,  9, 10, 11, 11,    1465002,    1465002,    1465002,    1465002
20,    1345617,     47.0,     47.0,     47.0,    150.0,  9, 10, 11,  9,    1465230,    1465230,    1465230,    1465230
20,    2579732,     60.0,     60.0,     58.0,    179.0,  9, 10, 11, 11,    1465002,    1465002,    1465002,    1465002
20,    1351053,     61.0,     61.0,     60.0,    181.0,  9, 10, 11, 11,    1465002,    1465002,    1465002,    1465002
20,    1351794,     23.0,     23.0,     23.0,     72.0,  9, 10, 11,  9,    1469146,    1469146,    1469146,    1469146
20,    2189396,      9.0,      9.0,      7.0,     24.0,  9, 10, 11, 11,    1874528,    1874528,    1874528,    1874528
20,    2189391,      9.0,      9.0,      7.0,     24.0,  9, 10, 11, 11,    1874528,    1874528,    1874528,    1874528
20,    2189579,     24.0,     24.0,     24.0,     73.0,  9, 10, 11,  9,    2148234,    2148234,    2148234,    2148234
20,    2563702,     61.0,     61.0,     60.0,    181.0,  9, 10, 11, 11,    1465002,    1465002,    1465002,    1465002
21,    1345617,     47.0,     47.0,     47.0,    150.0,  9, 10, 11,  9,    1465230,    1465230,    1465230,    1465230
21,    2579732,     61.0,     59.0,     60.0,    182.0,  9, 10, 11, 10,    1465002,    1465002,    1465002,    1465002
21,    1351053,     62.0,     61.0,     61.0,    184.0,  9, 10, 11, 10,    1465002,    1465002,    1465002,    1465002
21,    1351794,     22.0,     22.0,     22.0,     72.0,  9, 10, 11,  9,    1469146,    1469146,    1469146,    1469146
21,    2189396,     11.0,      6.0,     10.0,     20.0,  9, 10, 11, 10,    1874528,    1874528,    1874528,    1874528
21,    2189391,     11.0,      6.0,     10.0,     19.0,  9, 10, 11, 10,    1874528,    1874528,    1874528,    1874528
21,    2189579,     24.0,     24.0,     24.0,     73.0,  9, 10, 11,  9,    2148234,    2148234,    2148234,    2148234
21,    2563702,     62.0,     61.0,     61.0,    184.0,  9, 10, 11, 10,    1465002,    1465002,    1465002,    1465002
22,    1345617,     47.0,     47.0,     47.0,    150.0,  9, 10, 11,  9,    1465230,    1465230,    1465230,    1465230
22,    2579732,     62.0,     60.0,     59.0,    182.0,  9, 10, 11, 11,    1465002,    1465002,    1465002,    1465002
22,    1351053,     64.0,     62.0,     61.0,    184.0,  9, 10, 11, 11,    1465002,    1465002,    1465002,    1465002
22,    1351794,     22.0,     22.0,     22.0,     72.0,  9, 10, 11,  9,    1469146,    1469146,    1469146,    1469146
22,    2189396,     13.0,     10.0,     10.0,     32.0,  9, 10, 11, 10,    1874528,    1874528,    1874528,    1874528
22,    2189391,     13.0,     10.0,     10.0,     32.0,  9, 10, 11, 10,    1874528,    1874528,    1874528,    1874528
22,    2189579,     24.0,     24.0,     24.0,     73.0,  9, 10, 11,  9,    2148234,    2148234,    2148234,    2148234
22,    2563702,     64.0,     62.0,     60.0,    184.0,  9, 10, 11, 11,    1465002,    1465002,    1465002,    1465002
23,    1345617,     47.0,     47.0,     47.0,    150.0,  9, 10, 11,  9,    1465230,    1465230,    1465230,    1465230
23,    2579732,     62.0,     61.0,     61.0,    187.0,  9, 10, 11, 11,    1465002,    1465002,    1465002,    1465002
23,    1351053,     64.0,     63.0,     62.0,    189.0,  9, 10, 11, 11,    1465002,    1465002,    1465002,    1465002
23,    1351794,     22.0,     22.0,     22.0,     72.0,  9, 10, 11,  9,    1469146,    1469146,    1469146,    1469146
23,    2189396,     13.0,     12.0,     12.0,     37.0,  9, 10, 11, 11,    1874528,    1874528,    1874528,    1874528
23,    2189391,     13.0,     12.0,     12.0,     37.0,  9, 10, 11, 11,    1874528,    1874528,    1874528,    1874528
23,    2189579,     24.0,     24.0,     24.0,     73.0,  9, 10, 11,  9,    2148234,    2148234,    2148234,    2148234
23,    2563702,     64.0,     63.0,     62.0,    189.0,  9, 10, 11, 11,    1465002,    1465002,    1465002,    1465002
24,    1345617,     57.0,     57.0,     57.0,    164.0,  4,  5,  6,  4,    1345617,    1345617,    1345617,    1345617
24,    2579732,     69.0,     70.0,     70.0,    205.0, 12, 12, 12,  9,    1465002,    1465002,    1465002,    1465250
24,    1351053,     67.0,     68.0,     68.0,    203.0, 12, 12, 12,  9,    1465002,    1465002,    1465002,    2396643
24,    1351794,     27.0,     27.0,     27.0,     80.0,  9, 10, 11,  9,    1469146,    1469146,    1469146,    1469146
24,    2189396,     19.0,     19.0,     20.0,     61.0, 12, 12, 12,  9,    1874528,    1874528,    1874528,    1874532
24,    2189391,     19.0,     19.0,     19.0,     68.0, 12, 12, 12,  9,    1874528,    1874528,    1874529,    1874529
24,    2189579,     25.0,     25.0,     25.0,     78.0, 12, 12, 12,  9,    2148234,    2148234,    2148234,    2148234
24,    2563702,     67.0,     68.0,     68.0,    207.0, 12, 12, 12,  9,    1465002,    1465002,    1465002,    2396645
25,    1345617,     57.0,     57.0,     57.0,    164.0,  4,  5,  6,  4,    1345617,    1345617,    1345617,    1345617
25,    2579732,     69.0,     70.0,     70.0,    205.0, 12, 12, 12,  9,    1465002,    1465002,    1465002,    1465250
25,    1351053,     67.0,     68.0,     68.0,    203.0, 12, 12, 12,  9,    1465002,    1465002,    1465002,    2396643
25,    1351794,     27.0,     27.0,     27.0,     80.0,  9, 10, 11,  9,    1469146,    1469146,    1469146,    1469146
25,    2189396,     19.0,     19.0,     20.0,     61.0, 12, 12, 12,  9,    1874528,    1874528,    1874528,    1874532
25,    2189391,     19.0,     19.0,     19.0,     67.0, 12, 12, 12,  9,    1874528,    1874528,    1874529,    1874529
25,    2189579,     25.0,     25.0,     25.0,     78.0, 12, 12, 12,  9,    2148234,    2148234,    2148234,    2148234
25,    2563702,     67.0,     68.0,     68.0,    206.0, 12, 12, 12,  9,    1465002,    1465002,    1465002,    1465002
26,    1345617,     57.0,     57.0,     57.0,    164.0,  4,  5,  6,  4,    1345617,    1345617,    1345617,    1345617
26,    2579732,     69.0,     70.0,     70.0,    205.0, 12, 12, 12,  9,    1465002,    1465002,    1465002,    1465250
26,    1351053,     67.0,     68.0,     67.0,    203.0, 12, 12, 12,  9,    1465002,    1465002,    2396643,    2396643
26,    1351794,     27.0,     27.0,     27.0,     80.0,  9, 10, 11,  9,    1469146,    1469146,    1469146,    1469146
26,    2189396,     19.0,     19.0,     20.0,     60.0, 12, 12, 12,  9,    1874528,    1874528,    1874528,    1874532
26,    2189391,     19.0,     19.0,     19.0,     65.0, 12, 12, 12,  9,    1874528,    1874528,    1874529,    1874529
26,    2189579,     25.0,     25.0,     25.0,     78.0, 12, 12, 12,  9,    2148234,    2148234,    2148234,    2148234
26,    2563702,     67.0,     68.0,     68.0,    205.0, 12, 12, 12,  9,    1465002,    1465002,    1465002,    1465002
27,    1345617,     57.0,     57.0,     57.0,    164.0,  4,  5,  6,  4,    1345617,    1345617,    1345617,    1345617
27,    2579732,     69.0,     70.0,     70.0,    205.0, 12, 12, 12,  9,    1465002,    1465002,    1465002,    1465250
27,    1351053,     67.0,     68.0,     68.0,    203.0, 12, 12, 12,  9,    1465002,    1465002,    1465002,    2396643
27,    1351794,     27.0,     27.0,     27.0,     80.0,  9, 10, 11,  9,    1469146,    1469146,    1469146,    1469146
27,    2189396,     19.0,     19.0,     20.0,     61.0, 12, 12, 12,  9,    1874528,    1874528,    1874532,    1874532
27,    2189391,     19.0,     19.0,     20.0,     65.0, 12, 12, 12,  9,    1874528,    1874528,    1874529,    1874529
27,    2189579,     25.0,     25.0,     25.0,     78.0, 12, 12, 12,  9,    2148234,    2148234,    2148234,    2148234
27,    2563702,     67.0,     68.0,     68.0,    204.0, 12, 12, 12,  9,    1465002,    1465002,    1465002,    2396645
28,    1345617,     57.0,     57.0,     57.0,    164.0,  4,  5,  6,  4,    1345617,    1345617,    1345617,    1345617
28,    2579732,     68.0,     70.0,     70.0,    205.0, 12, 12, 12,  9,    1465002,    1465002,    1465002,    1465250
28,    1351053,     66.0,     68.0,     68.0,    203.0, 12, 12, 12,  9,    1465002,    1465002,    1465002,    2396643
28,    1351794,     27.0,     27.0,     27.0,     80.0,  9, 10, 11,  9,    1469146,    1469146,    1469146,    1469146
28,    2189396,     19.0,     19.0,     20.0,     61.0, 12, 12, 12,  9,    1874528,    1874528,    1874528,    1874532
28,    2189391,     19.0,     19.0,     19.0,     65.0, 12, 12, 12,  9,    1874528,    1874528,    1874529,    1874529
28,    2189579,     25.0,     25.0,     25.0,     78.0, 12, 12, 12,  9,    2148234,    2148234,    2148234,    2148234
28,    2563702,     67.0,     68.0,     68.0,    204.0, 12, 12, 12,  9,    1465002,    1465002,    1465002,    2396645
29,    1345617,     57.0,     57.0,     57.0,    163.0,  4,  5,  6,  5,    1345617,    1345617,    1345617,    1345617
29,    2579732,     69.0,     70.0,     70.0,    205.0, 12, 12, 12,  9,    1465002,    1465002,    1465002,    1465250
29,    1351053,     67.0,     68.0,     68.0,    203.0, 12, 12, 12,  9,    1465002,    1465002,    1465002,    2396643
29,    1351794,     27.0,     27.0,     27.0,     79.0,  9, 10, 11,  9,    1469146,    1469146,    1469146,    1469146
29,    2189396,     19.0,     18.0,     20.0,     60.0, 12, 12, 12, 10,    1874528,    1874528,    1874528,    1874532
29,    2189391,     19.0,     18.0,     19.0,     65.0, 12, 12, 12,  9,    1874528,    1874528,    1874529,    1874529
29,    2189579,     25.0,     25.0,     25.0,     78.0, 12, 12, 12,  9,    2148234,    2148234,    2148234,    2148234
29,    2563702,     67.0,     68.0,     68.0,    204.0, 12, 12, 12,  9,    1465002,    1465002,    1465002,    2396645
30,    1345617,     57.0,     57.0,     57.0,    164.0,  4,  5,  6,  4,    1345617,    1345617,    1345617,    1345617
30,    2579732,     69.0,     70.0,     70.0,    205.0, 12, 10, 12,  9,    1465002,    1465250,    1465002,    1465250
30,    1351053,     67.0,     68.0,     68.0,    203.0, 12, 12, 12,  9,    1465002,    1465002,    1465002,    2396643
30,    1351794,     27.0,     27.0,     27.0,     79.0,  9, 10, 11,  9,    1469146,    1469146,    1469146,    1469146
30,    2189396,     19.0,     18.0,     21.0,     60.0, 12, 12, 12, 10,    1874528,    1874528,    1874528,    1874532
30,    2189391,     19.0,     18.0,     19.0,     65.0, 12, 12, 12,  9,    1874528,    1874528,    1874529,    1874529
30,    2189579,     25.0,     25.0,     25.0,     78.0, 12, 12, 12,  9,    2148234,    2148234,    2148234,    2148234
30,    2563702,     67.0,     68.0,     68.0,    204.0, 12, 12, 12,  9,    1465002,    2396645,    1465002,    2396645
31,    1345617,     58.0,     57.0,     57.0,    164.0,  4,  5,  6,  4,    1345617,    1345617,    1345617,    1345617
31,    2579732,     69.0,     70.0,     70.0,    205.0, 12, 12, 12,  9,    1465002,    1465002,    1465002,    1465250
31,    1351053,     67.0,     68.0,     68.0,    204.0, 12, 12, 12,  9,    1465002,    1465002,    1465002,    2396643
31,    1351794,     27.0,     27.0,     27.0,     79.0,  9, 10, 11,  9,    1469146,    1469146,    1469146,    1469146
31,    2189396,     19.0,     19.0,     20.0,     61.0, 12, 12, 12,  9,    1874528,    1874532,    1874528,    1874532
31,    2189391,     19.0,     20.0,     19.0,     66.0, 12, 12, 12,  9,    1874528,    1874528,    1874529,    1874529
31,    2189579,     25.0,     25.0,     25.0,     78.0, 12, 12, 12,  9,    2148234,    2148234,    2148234,    2148234
31,    2563702,     67.0,     67.0,     68.0,    206.0, 12, 12, 12, 10,    1465002,    2396645,    1465002,    2396645
32,    1345617,     58.0,     57.0,     58.0,    164.0,  4,  5,  6,  5,    1345617,    1345617,    1345617,    1345617
32,    2579732,     70.0,     68.0,     70.0,    205.0, 12, 12, 11,  9,    1465002,    1465002,    1465250,    1465250
32,    1351053,     67.0,     66.0,     67.0,    204.0, 12, 12, 12,  9,    2396643,    1465002,    2396643,    2396643
32,    1351794,     27.0,     27.0,     27.0,     79.0,  9, 10, 11,  9,    1469146,    1469146,    1469146,    1469146
32,    2189396,     20.0,     18.0,     18.0,     61.0, 12, 12, 12, 10,    1874528,    1874532,    1874528,    1874532
32,    2189391,     19.0,     20.0,     17.0,     70.0, 12, 12, 12, 11,    1874529,    1874528,    1874529,    1874529
32,    2189579,     25.0,     25.0,     25.0,     78.0, 12, 12, 12,  9,    2148234,    2148234,    2148234,    2148234
32,    2563702,     68.0,     66.0,     69.0,    206.0, 12, 12, 12, 10,    1465002,    1465002,    1465002,    2396645
33,    1345617,     58.0,     58.0,     58.0,    165.0,  4,  5,  6,  4,    1345617,    1345617,    1345617,    1345617
33,    2579732,     68.0,     70.0,     70.0,    205.0, 12, 12, 12,  9,    1465002,    1465002,    1465002,    1465250
33,    1351053,     66.0,     68.0,     68.0,    204.0, 12, 12, 12,  9,    1465002,    1465002,    1465002,    2396643
33,    1351794,     27.0,     27.0,     27.0,     79.0,  9, 10, 11,  9,    1469146,    1469146,    1469146,    1469146
33,    2189396,     20.0,     18.0,     19.0,     62.0, 12, 12, 12, 10,    1874528,    1874532,    1874528,    1874532
33,    2189391,     19.0,     19.0,     18.0,     74.0, 12, 12, 12, 11,    1874529,    1874528,    1874529,    1874529
33,    2189579,     25.0,     25.0,     25.0,     78.0, 12, 12, 12,  9,    2148234,    2148234,    2148234,    2148234
33,    2563702,     66.0,     68.0,     68.0,    210.0, 12, 12, 12,  9,    1465002,    1465002,    1465002,    2396645
34,    1345617,     58.0,     58.0,     58.0,    166.0,  4,  5,  6,  5,    1345617,    1345617,    1345617,    1345617
34,    2579732,     66.0,     69.0,     70.0,    205.0, 12, 10, 11,  9,    1465002,    1465250,    1465250,    1465250
34,    1351053,     65.0,     68.0,     67.0,    203.0, 12, 10, 12,  9,    1465002,    2396643,    2396643,    2396643
34,    1351794,     27.0,     27.0,     27.0,     79.0,  9, 10, 11,  9,    1469146,    1469146,    1469146,    1469146
34,    2189396,     18.0,     19.0,     19.0,     61.0, 12, 12, 12,  9,    1874528,    1874532,    1874528,    1874532
34,    2189391,     18.0,     20.0,     18.0,     77.0, 12, 12, 12, 11,    1874528,    1874528,    1874529,    1874529
34,    2189579,     25.0,     25.0,     25.0,     78.0, 12, 12, 12,  9,    2148234,    2148234,    2148234,    2148234
34,    2563702,     65.0,     69.0,     68.0,    215.0, 12, 12, 12,  9,    1465002,    1465002,    1465002,    2396645
35,    1345617,     58.0,     58.0,     58.0,    165.0,  4,  5,  6,  6,    1345617,    1345617,    1345617,    1345617
35,    2579732,     67.0,     70.0,     70.0,    205.0, 12, 12, 11,  9,    1465002,    1465002,    1465250,    1465250
35,    1351053,     65.0,     68.0,     67.0,    204.0, 12, 12, 12,  9,    1465002,    1465002,    2396643,    2396643
35,    1351794,     27.0,     27.0,     27.0,     79.0,  9, 10, 11,  9,    1469146,    1469146,    1469146,    1469146
35,    2189396,     17.0,     19.0,     20.0,     62.0, 12, 12, 12,  9,    1874532,    1874528,    1874528,    1874532
35,    2189391,     18.0,     18.0,     19.0,     75.0, 12, 12, 12, 10,    1874528,    1874529,    1874529,    1874529
35,    2189579,     25.0,     25.0,     25.0,     78.0, 12, 12, 12,  9,    2148234,    2148234,    2148234,    2148234
35,    2563702,     65.0,     68.0,     69.0,    213.0, 12, 12, 12,  9,    1465002,    1465002,    1465002,    2396645
36,    1345617,     58.0,     58.0,     58.0,    164.0,  4,  5,  6,  5,    1345617,    1345617,    1345617,    1345617
36,    2579732,     68.0,     70.0,     69.0,    205.0, 12, 10, 12,  9,    1465002,    1465250,    1465002,    1465250
36,    1351053,     66.0,     68.0,     67.0,    204.0, 12, 12, 12,  9,    1465002,    2396643,    1465002,    2396643
36,    1351794,     27.0,     27.0,     27.0,     79.0,  9, 10, 11,  9,    1469146,    1469146,    1469146,    1469146
36,    2189396,     20.0,     17.0,     19.0,     63.0, 12, 12, 12, 10,    1874532,    1874528,    1874528,    1874532
36,    2189391,     21.0,     17.0,     18.0,     74.0, 12, 12, 12, 10,    1874529,    1874528,    1874529,    1874529
36,    2189579,     25.0,     25.0,     25.0,     78.0, 12, 12, 12,  9,    2148234,    2148234,    2148234,    2148234
36,    2563702,     66.0,     70.0,     67.0,    210.0, 12, 12, 12,  9,    1465002,    1465002,    1465002,    2396645
37,    1345617,     58.0,     58.0,     58.0,    164.0,  4,  5,  6,  5,    1345617,    1345617,    1345617,    1345617
37,    2579732,     70.0,     70.0,     69.0,    205.0, 12, 12, 12,  9,    1465002,    1465002,    1465002,    1465250
37,    1351053,     67.0,     68.0,     67.0,    204.0, 12, 12, 12,  9,    2396643,    1465002,    1465002,    2396643
37,    1351794,     27.0,     27.0,     27.0,     79.0,  9, 10, 11,  9,    1469146,    1469146,    1469146,    1469146
37,    2189396,     18.0,     17.0,     21.0,     62.0, 12, 12, 12, 10,    1874528,    1874532,    1874528,    1874532
37,    2189391,     18.0,     18.0,     18.0,     75.0, 12, 12, 12, 11,    1874528,    1874528,    1874529,    1874529
37,    2189579,     25.0,     25.0,     25.0,     78.0, 12, 12, 12,  9,    2148234,    2148234,    2148234,    2148234
37,    2563702,     68.0,     67.0,     67.0,    210.0, 12, 12, 12, 10,    1465002,    2396645,    1465002,    2396645
38,    1345617,     58.0,     58.0,     58.0,    164.0,  4,  5,  6,  4,    1345617,    1345617,    1345617,    1345617
38,    2579732,     68.0,     70.0,     70.0,    205.0, 12, 12, 12,  9,    1465002,    1465002,    1465002,    1465250
38,    1351053,     66.0,     68.0,     68.0,    204.0, 12, 12, 12,  9,    1465002,    1465002,    1465002,    2396643
38,    1351794,     27.0,     27.0,     27.0,     79.0,  9, 10, 11,  9,    1469146,    1469146,    1469146,    1469146
38,    2189396,     16.0,     18.0,     22.0,     62.0, 12, 12, 12,  9,    1874528,    1874528,    1874528,    1874532
38,    2189391,     16.0,     18.0,     20.0,     73.0, 12, 12, 12,  9,    1874528,    1874528,    1874529,    1874529
38,    2189579,     25.0,     25.0,     25.0,     78.0, 12, 12, 12,  9,    2148234,    2148234,    2148234,    2148234
38,    2563702,     66.0,     68.0,     68.0,    208.0, 12, 12, 12,  9,    1465002,    1465002,    1465002,    2396645
39,    1345617,     57.0,     58.0,     57.0,    164.0,  4,  5,  6,  4,    1345617,    1345617,    1345617,    1345617
39,    2579732,     67.0,     70.0,     70.0,    205.0, 12, 12, 11,  9,    1465002,    1465002,    1465250,    1465250
39,    1351053,     65.0,     68.0,     68.0,    203.0, 12, 12, 11,  9,    1465002,    1465002,    2396643,    2396643
39,    1351794,     27.0,     27.0,     27.0,     79.0,  9, 10, 11,  9,    1469146,    1469146,    1469146,    1469146
39,    2189396,     18.0,     16.0,     21.0,     62.0, 12, 12, 12, 10,    1874528,    1874528,    1874532,    1874532
39,    2189391,     18.0,     16.0,     21.0,     72.0, 12, 12, 12, 10,    1874528,    1874528,    1874529,    1874529
39,    2189579,     25.0,     25.0,     25.0,     78.0, 12, 12, 12,  9,    2148234,    2148234,    2148234,    2148234
39,    2563702,     65.0,     68.0,     69.0,    205.0, 12, 12, 12,  9,    1465002,    1465002,    1465002,    2396645
40,    1345617,     58.0,     58.0,     58.0,    165.0,  4,  5,  6,  4,    1345617,    1345617,    1345617,    1345617
40,    2579732,     68.0,     70.0,     69.0,    205.0, 12, 10, 12,  9,    1465002,    1465250,    1465002,    1465250
40,    1351053,     66.0,     69.0,     67.0,    203.0, 12, 12, 12,  9,    1465002,    1465002,    1465002,    2396643
40,    1351794,     27.0,     27.0,     27.0,     79.0,  9, 10, 11,  9,    1469146,    1469146,    1469146,    1469146
40,    2189396,     19.0,     17.0,     21.0,     63.0, 12, 12, 12, 10,    1874528,    1874528,    1874528,    1874532
40,    2189391,     19.0,     17.0,     20.0,     70.0, 12, 12, 12,  9,    1874528,    1874528,    1874529,    1874529
40,    2189579,     25.0,     25.0,     25.0,     78.0, 12, 12, 12,  9,    2148234,    2148234,    2148234,    2148234
40,    2563702,     66.0,     68.0,     67.0,    211.0, 12, 12, 12,  9,    1465002,    2396645,    1465002,    1465002
41,    1345617,     58.0,     58.0,     58.0,    166.0,  4,  5,  6,  4,    1345617,    1345617,    1345617,    1345617
41,    2579732,     68.0,     70.0,     70.0,    205.0, 12, 10, 12,  9,    1465002,    1465250,    1465002,    1465250
41,    1351053,     66.0,     68.0,     67.0,    203.0, 12, 12, 12,  9,    1465002,    2396643,    2396643,    2396643
41,    1351794,     27.0,     27.0,     27.0,     79.0,  9, 10, 11,  9,    1469146,    1469146,    1469146,    1469146
41,    2189396,     19.0,     19.0,     19.0,     62.0, 12, 12, 12,  9,    1874528,    1874532,    1874528,    1874532
41,    2189391,     19.0,     20.0,     18.0,     70.0, 12, 12, 12,  9,    1874528,    1874528,    1874529,    1874529
41,    2189579,     25.0,     25.0,     25.0,     78.0, 12, 12, 12,  9,    2148234,    2148234,    2148234,    2148234
41,    2563702,     66.0,     68.0,     68.0,    214.0, 12, 12, 12,  9,    1465002,    2396645,    1465002,    2396645
42,    1345617,     58.0,     58.0,     58.0,    165.0,  4,  5,  6,  4,    1345617,    1345617,    1345617,    1345617
42,    2579732,     68.0,     70.0,     70.0,    205.0, 12, 10, 12,  9,    1465002,    1465250,    1465002,    1465250
42,    1351053,     66.0,     68.0,     67.0,    203.0, 12, 10, 12,  9,    1465002,    2396643,    2396643,    2396643
42,    1351794,     27.0,     27.0,     27.0,     79.0,  9, 10, 11,  9,    1469146,    1469146,    1469146,    1469146
42,    2189396,     19.0,     19.0,     19.0,     64.0, 12, 12, 12,  9,    1874528,    1874532,    1874528,    1874532
42,    2189391,     19.0,     20.0,     19.0,     72.0, 12, 12, 12,  9,    1874528,    1874528,    1874528,    1874529
42,    2189579,     25.0,     25.0,     25.0,     78.0, 12, 12, 12,  9,    2148234,    2148234,    2148234,    2148234
42,    2563702,     66.0,     68.0,     68.0,    211.0, 12, 12, 12,  9,    1465002,    2396645,    1465002,    2396645
43,    1345617,     58.0,     57.0,     58.0,    164.0,  4,  5,  6,  5,    1345617,    1345617,    1345617,    1345617
43,    2579732,     68.0,     70.0,     70.0,    205.0, 12, 12, 11,  9,    1465002,    1465002,    1465250,    1465250
43,    1351053,     66.0,     68.0,     67.0,    204.0, 12, 12, 12,  9,    1465002,    1465002,    2396643,    2396643
43,    1351794,     27.0,     27.0,     27.0,     79.0,  9, 10, 11,  9,    1469146,    1469146,    1469146,    1469146
43,    2189396,     20.0,     18.0,     19.0,     63.0, 12, 12, 12, 10,    1874528,    1874528,    1874532,    1874532
43,    2189391,     19.0,     18.0,     20.0,     72.0, 12, 12, 12,  9,    1874529,    1874528,    1874528,    1874529
43,    2189579,     25.0,     25.0,     25.0,     78.0, 12, 12, 12,  9,    2148234,    2148234,    2148234,    2148234
43,    2563702,     66.0,     67.0,     69.0,    208.0, 12, 12, 12,  9,    1465002,    2396645,    1465002,    2396645
44,    1345617,     58.0,     58.0,     58.0,    164.0,  4,  5,  6,  5,    1345617,    1345617,    1345617,    1345617
44,    2579732,     68.0,     69.0,     70.0,    205.0, 12, 12, 11,  9,    1465002,    1465002,    1465250,    1465250
44,    1351053,     66.0,     67.0,     68.0,    204.0, 12, 12, 11,  9,    1465002,    1465002,    2396643,    2396643
44,    1351794,     27.0,     27.0,     27.0,     79.0,  9, 10, 11,  9,    1469146,    1469146,    1469146,    1469146
44,    2189396,     18.0,     19.0,     20.0,     65.0, 12, 12, 12,  9,    1874532,    1874528,    1874528,    1874532
44,    2189391,     19.0,     19.0,     19.0,     75.0, 12, 12, 12, 10,    1874528,    1874528,    1874529,    1874529
44,    2189579,     25.0,     25.0,     25.0,     78.0, 12, 12, 12,  9,    2148234,    2148234,    2148234,    2148234
44,    2563702,     66.0,     67.0,     69.0,    212.0, 12, 12, 12, 10,    1465002,    1465002,    1465002,    2396645
45,    1345617,     58.0,     58.0,     58.0,    165.0,  4,  5,  6,  4,    1345617,    1345617,    1345617,    1345617
45,    2579732,     68.0,     70.0,     70.0,    205.0, 12, 10, 12,  9,    1465002,    1465250,    1465002,    1465250
45,    1351053,     66.0,     69.0,     67.0,    204.0, 12, 12, 12,  9,    1465002,    1465002,    2396643,    2396643
45,    1351794,     27.0,     27.0,     27.0,     80.0,  9, 10, 11,  9,    1469146,    1469146,    1469146,    1469146
45,    2189396,     16.0,     20.0,     18.0,     64.0, 12, 12, 12,  9,    1874528,    1874532,    1874528,    1874532
45,    2189391,     16.0,     22.0,     17.0,     72.0, 12, 12, 12, 11,    1874528,    1874529,    1874529,    1874529
45,    2189579,     25.0,     25.0,     25.0,     78.0, 12, 12, 12,  9,    2148234,    2148234,    2148234,    2148234
45,    2563702,     66.0,     68.0,     68.0,    209.0, 12, 12, 12,  9,    1465002,    2396645,    1465002,    2396645
46,    1345617,     58.0,     58.0,     58.0,    164.0,  4,  5,  6,  4,    1345617,    1345617,    1345617,    1345617
46,    2579732,     67.0,     70.0,     70.0,    205.0, 12, 12, 11,  9,    1465002,    1465002,    1465250,    1465250
46,    1351053,     65.0,     68.0,     67.0,    204.0, 12, 12, 12,  9,    1465002,    1465002,    2396643,    2396643
46,    1351794,     27.0,     27.0,     27.0,     80.0,  9, 10, 11,  9,    1469146,    1469146,    1469146,    1469146
46,    2189396,     16.0,     19.0,     22.0,     61.0, 12, 12, 12,  9,    1874528,    1874528,    1874528,    1874532
46,    2189391,     16.0,     19.0,     20.0,     70.0, 12, 12, 12,  9,    1874528,    1874528,    1874529,    1874529
46,    2189579,     25.0,     25.0,     25.0,     78.0, 12, 12, 12,  9,    2148234,    2148234,    2148234,    2148234
46,    2563702,     65.0,     67.0,     69.0,    206.0, 12, 12, 12,  9,    1465002,    2396645,    1465002,    2396645
47,    1345617,     58.0,     57.0,     58.0,    164.0,  4,  5,  6,  4,    1345617,    1345617,    1345617,    1345617
47,    2579732,     68.0,     70.0,     70.0,    205.0, 12, 12, 11,  9,    1465002,    1465002,    1465250,    1465250
47,    1351053,     66.0,     68.0,     67.0,    204.0, 12, 12, 12,  9,    1465002,    1465002,    2396643,    2396643
47,    1351794,     27.0,     27.0,     27.0,     80.0,  9, 10, 11,  9,    1469146,    1469146,    1469146,    1469146
47,    2189396,     19.0,     18.0,     20.0,     61.0, 12, 12, 12,  9,    1874528,    1874528,    1874528,    1874532
47,    2189391,     19.0,     18.0,     19.0,     69.0, 12, 12, 12, 10,    1874528,    1874528,    1874529,    1874529
47,    2189579,     25.0,     25.0,     25.0,     78.0, 12, 12, 12,  9,    2148234,    2148234,    2148234,    2148234
47,    2563702,     66.0,     68.0,     69.0,    206.0, 12, 12, 12,  9,    1465002,    1465002,    1465002,    2396645
