 F,      BusId,       PA,       PB,       PC,       P3, XA, XB, XC, X3,       id_A,       id_B,       id_C,       id_3
 0,    1016922,     50.0,     51.0,     51.0,    152.0,  9, 10, 11,  9,    1251137,    1251137,    1251137,    1251137
 0,    1017010,     17.0,     17.0,     16.0,     50.0,  9, 10, 11, 11,    1251161,    1251161,    1251161,    1251161
 0,    1017066,     50.0,     50.0,     50.0,    151.0,  9, 10, 11,  9,    1251181,    1251181,    1251181,    1251181
 0,    2036426,     23.0,     22.0,     23.0,     72.0,  9, 10, 11,  9,    2035769,    2035769,    2035769,    2035769
 0,    2577658,     55.0,     54.0,     55.0,    173.0,  9, 10,  3, 10,    1251079,    1251079,      41685,    1251079
 0,    2577678,     56.0,     54.0,     55.0,    174.0,  9, 10, 11, 10,    1251079,    1251079,    1251079,    1251079
 0,    2577704,     57.0,     55.0,     56.0,    175.0,  9, 10, 11, 10,    1251079,    1251079,    1251079,    1251079
 0,    2577720,     57.0,     56.0,     57.0,    176.0,  9, 10, 11, 10,    1251079,    1251079,    1251079,    1251079
 0,    2577743,     58.0,     57.0,     58.0,    177.0,  9, 10, 11, 10,    1251079,    1251079,    1251079,    1251079
 0,    2577753,     59.0,     57.0,     58.0,    178.0,  9, 10, 11, 10,    1251079,    1251079,    1251079,    1251079
 0,    2577763,     59.0,     58.0,     59.0,    179.0,  9, 10, 11, 10,    1251079,    1251079,    1251079,    1251079
 0,    2578469,     61.0,     60.0,     61.0,    182.0,  9, 10, 11, 10,    1251079,    1251079,    1251079,    1251079
 0,    1016927,     51.0,     51.0,     51.0,    155.0,  9, 10, 11,  9,    1251138,    1251138,    1251138,    1251138
 0,    1016937,     50.0,     50.0,     50.0,    153.0,  9, 10, 11, 10,    1251140,    1251140,    1251140,    1251140
 0,    2597384,     23.0,     23.0,     23.0,     72.0,  9, 10, 11,  9,    2413190,    2413190,    2413190,    2413190
 1,    1016922,     51.0,     51.0,     50.0,    154.0,  9, 10, 11,  9,    1251137,    1251137,    1251137,    1251137
 1,    1017010,     17.0,     17.0,     17.0,     53.0,  9, 10, 11,  9,    1251161,    1251161,    1251161,    1251161
 1,    1017066,     50.0,     50.0,     50.0,    151.0,  9, 10, 11,  9,    1251181,    1251181,    1251181,    1251181
 1,    2036426,     23.0,     23.0,     23.0,     72.0,  9, 10, 11,  9,    2035769,    2035769,    2035769,    2035769
 1,    2577658,     55.0,     55.0,     55.0,    176.0,  9,  2, 11, 10,    1251079,      41685,    1251079,    1251079
 1,    2577678,     56.0,     55.0,     55.0,    177.0,  9, 10, 11, 10,    1251079,    1251079,    1251079,    1251079
 1,    2577704,     57.0,     56.0,     57.0,    179.0,  9, 10, 11, 10,    1251079,    1251079,    1251079,    1251079
 1,    2577720,     58.0,     57.0,     57.0,    180.0,  9, 10, 11, 10,    1251079,    1251079,    1251079,    1251079
 1,    2577743,     58.0,     58.0,     58.0,    181.0,  9, 10, 11, 10,    1251079,    1251079,    1251079,    1251079
 1,    2577753,     59.0,     58.0,     59.0,    182.0,  9, 10, 11, 10,    1251079,    1251079,    1251079,    1251079
 1,    2577763,     60.0,     59.0,     59.0,    183.0,  9, 10, 11, 10,    1251079,    1251079,    1251079,    1251079
 1,    2578469,     61.0,     61.0,     61.0,    186.0,  9, 10, 11, 10,    1251079,    1251079,    1251079,    1251079
 1,    1016927,     51.0,     51.0,     51.0,    155.0,  9, 10, 11,  9,    1251138,    1251138,    1251138,    1251138
 1,    1016937,     50.0,     49.0,     50.0,    152.0,  9, 10, 11, 10,    1251140,    1251140,    1251140,    1251140
 1,    2597384,     23.0,     23.0,     23.0,     72.0,  9, 10, 11,  9,    2413190,    2413190,    2413190,    2413190
 2,    1016922,     51.0,     51.0,     50.0,    154.0,  9, 10, 11,  9,    1251137,    1251137,    1251137,    1251137
 2,    1017010,     17.0,     17.0,     17.0,     53.0,  9, 10, 11,  9,    1251161,    1251161,    1251161,    1251161
 2,    1017066,     50.0,     50.0,     50.0,    151.0,  9, 10, 11,  9,    1251181,    1251181,    1251181,    1251181
 2,    2036426,     23.0,     23.0,     23.0,     72.0,  9, 10, 11,  9,    2035769,    2035769,    2035769,    2035769
 2,    2577658,     55.0,     55.0,     55.0,    176.0,  9,  2,  3, 10,    1251079,      41685,      41685,    1251079
 2,    2577678,     56.0,     55.0,     55.0,    177.0,  9, 10, 11, 10,    1251079,    1251079,    1251079,    1251079
 2,    2577704,     57.0,     56.0,     56.0,    179.0,  9, 10, 11, 10,    1251079,    1251079,    1251079,    1251079
 2,    2577720,     57.0,     57.0,     57.0,    180.0,  9, 10, 11, 10,    1251079,    1251079,    1251079,    1251079
 2,    2577743,     58.0,     58.0,     58.0,    181.0,  9, 10, 11, 10,    1251079,    1251079,    1251079,    1251079
 2,    2577753,     59.0,     58.0,     58.0,    182.0,  9, 10, 11, 10,    1251079,    1251079,    1251079,    1251079
 2,    2577763,     59.0,     59.0,     59.0,    183.0,  9, 10, 11, 10,    1251079,    1251079,    1251079,    1251079
 2,    2578469,     61.0,     61.0,     61.0,    186.0,  9, 10, 11, 10,    1251079,    1251079,    1251079,    1251079
 2,    1016927,     51.0,     51.0,     51.0,    155.0,  9, 10, 11, 10,    1251138,    1251138,    1251138,    1251138
 2,    1016937,     50.0,     50.0,     50.0,    153.0,  9, 10, 11, 10,    1251140,    1251140,    1251140,    1251140
 2,    2597384,     23.0,     23.0,     23.0,     72.0,  9, 10, 11,  9,    2413190,    2413190,    2413190,    2413190
 3,    1016922,     51.0,     51.0,     51.0,    154.0,  9, 10, 11,  9,    1251137,    1251137,    1251137,    1251137
 3,    1017010,     17.0,     17.0,     17.0,     53.0,  9, 10, 11,  9,    1251161,    1251161,    1251161,    1251161
 3,    1017066,     50.0,     50.0,     50.0,    151.0,  9, 10, 11,  9,    1251181,    1251181,    1251181,    1251181
 3,    2036426,     23.0,     23.0,     23.0,     72.0,  9, 10, 11,  9,    2035769,    2035769,    2035769,    2035769
 3,    2577658,     55.0,     55.0,     55.0,    177.0,  9,  2, 11,  9,    1251079,    1016605,    1251079,    1251079
 3,    2577678,     55.0,     56.0,     56.0,    178.0,  9, 10, 11,  9,    1251079,    1251079,    1251079,    1251079
 3,    2577704,     56.0,     57.0,     57.0,    179.0,  9, 10, 11,  9,    1251079,    1251079,    1251079,    1251079
 3,    2577720,     57.0,     58.0,     58.0,    180.0,  9, 10, 11,  9,    1251079,    1251079,    1251079,    1251079
 3,    2577743,     58.0,     58.0,     58.0,    181.0,  9, 10, 11,  9,    1251079,    1251079,    1251079,    1251079
 3,    2577753,     59.0,     59.0,     59.0,    182.0,  9, 10, 11,  9,    1251079,    1251079,    1251079,    1251079
 3,    2577763,     59.0,     60.0,     60.0,    183.0,  9, 10, 11,  9,    1251079,    1251079,    1251079,    1251079
 3,    2578469,     61.0,     62.0,     62.0,    186.0,  9, 10, 11,  9,    1251079,    1251079,    1251079,    1251079
 3,    1016927,     51.0,     51.0,     51.0,    155.0,  9, 10, 11, 10,    1251138,    1251138,    1251138,    1251138
 3,    1016937,     50.0,     50.0,     50.0,    153.0,  9, 10, 11,  9,    1251140,    1251140,    1251140,    1251140
 3,    2597384,     23.0,     23.0,     23.0,     72.0,  9, 10, 11,  9,    2413190,    2413190,    2413190,    2413190
 4,    1016922,     51.0,     51.0,     50.0,    154.0,  9, 10, 11,  9,    1251137,    1251137,    1251137,    1251137
 4,    1017010,     17.0,     17.0,     17.0,     53.0,  9, 10, 11, 10,    1251161,    1251161,    1251161,    1251161
 4,    1017066,     50.0,     50.0,     50.0,    151.0,  9, 10, 11,  9,    1251181,    1251181,    1251181,    1251181
 4,    2036426,     23.0,     23.0,     23.0,     72.0,  9, 10, 11,  9,    2035769,    2035769,    2035769,    2035769
 4,    2577658,     55.0,     55.0,     55.0,    178.0,  9, 10, 11,  9,    1251079,    1251079,    1251079,    1251079
 4,    2577678,     56.0,     56.0,     56.0,    179.0,  9, 10, 11,  9,    1251079,    1251079,    1251079,    1251079
 4,    2577704,     57.0,     57.0,     57.0,    180.0,  9, 10, 11,  9,    1251079,    1251079,    1251079,    1251079
 4,    2577720,     58.0,     58.0,     58.0,    181.0,  9, 10, 11,  9,    1251079,    1251079,    1251079,    1251079
 4,    2577743,     58.0,     59.0,     58.0,    182.0,  9, 10, 11,  9,    1251079,    1251079,    1251079,    1251079
 4,    2577753,     59.0,     59.0,     59.0,    183.0,  9, 10, 11,  9,    1251079,    1251079,    1251079,    1251079
 4,    2577763,     60.0,     60.0,     60.0,    184.0,  9, 10, 11,  9,    1251079,    1251079,    1251079,    1251079
 4,    2578469,     62.0,     62.0,     62.0,    187.0,  9, 10, 11,  9,    1251079,    1251079,    1251079,    1251079
 4,    1016927,     51.0,     51.0,     51.0,    155.0,  9, 10, 11, 10,    1251138,    1251138,    1251138,    1251138
 4,    1016937,     50.0,     50.0,     50.0,    153.0,  9, 10, 11, 10,    1251140,    1251140,    1251140,    1251140
 4,    2597384,     23.0,     23.0,     23.0,     72.0,  9, 10, 11,  9,    2413190,    2413190,    2413190,    2413190
 5,    1016922,     51.0,     51.0,     51.0,    154.0,  9, 10, 11,  9,    1251137,    1251137,    1251137,    1251137
 5,    1017010,     17.0,     17.0,     17.0,     53.0,  9, 10, 11,  9,    1251161,    1251161,    1251161,    1251161
 5,    1017066,     50.0,     50.0,     50.0,    151.0,  9, 10, 11,  9,    1251181,    1251181,    1251181,    1251181
 5,    2036426,     23.0,     23.0,     23.0,     72.0,  9, 10, 11,  9,    2035769,    2035769,    2035769,    2035769
 5,    2577658,     56.0,     55.0,     55.0,    178.0,  1,  2, 11, 10,      41685,    1016605,    1251079,    1251079
 5,    2577678,     56.0,     56.0,     56.0,    178.0,  9, 10, 11, 10,    1251079,    1251079,    1251079,    1251079
 5,    2577704,     57.0,     57.0,     57.0,    180.0,  9, 10, 11, 10,    1251079,    1251079,    1251079,    1251079
 5,    2577720,     58.0,     58.0,     58.0,    181.0,  9, 10, 11, 10,    1251079,    1251079,    1251079,    1251079
 5,    2577743,     59.0,     58.0,     58.0,    182.0,  9, 10, 11, 10,    1251079,    1251079,    1251079,    1251079
 5,    2577753,     59.0,     59.0,     59.0,    183.0,  9, 10, 11, 10,    1251079,    1251079,    1251079,    1251079
 5,    2577763,     60.0,     60.0,     60.0,    184.0,  9, 10, 11, 10,    1251079,    1251079,    1251079,    1251079
 5,    2578469,     62.0,     62.0,     62.0,    187.0,  9, 10, 11, 10,    1251079,    1251079,    1251079,    1251079
 5,    1016927,     51.0,     51.0,     51.0,    155.0,  9, 10, 11, 10,    1251138,    1251138,    1251138,    1251138
 5,    1016937,     50.0,     50.0,     50.0,    153.0,  9, 10, 11, 10,    1251140,    1251140,    1251140,    1251140
 5,    2597384,     23.0,     23.0,     23.0,     72.0,  9, 10, 11,  9,    2413190,    2413190,    2413190,    2413190
 6,    1016922,     51.0,     51.0,     51.0,    154.0,  9, 10, 11, 11,    1251137,    1251137,    1251137,    1251137
 6,    1017010,     17.0,     17.0,     17.0,     53.0,  9, 10, 11,  9,    1251161,    1251161,    1251161,    1251161
 6,    1017066,     50.0,     50.0,     50.0,    151.0,  9, 10, 11,  9,    1251181,    1251181,    1251181,    1251181
 6,    2036426,     23.0,     23.0,     23.0,     72.0,  9, 10, 11,  9,    2035769,    2035769,    2035769,    2035769
 6,    2577658,     56.0,     55.0,     55.0,    176.0,  1, 10, 11, 11,      41685,    1251079,    1251079,    1251079
 6,    2577678,     56.0,     56.0,     55.0,    177.0,  9, 10, 11, 11,    1251079,    1251079,    1251079,    1251079
 6,    2577704,     57.0,     57.0,     56.0,    178.0,  9, 10, 11, 11,    1251079,    1251079,    1251079,    1251079
 6,    2577720,     58.0,     58.0,     57.0,    179.0,  9, 10, 11, 11,    1251079,    1251079,    1251079,    1251079
 6,    2577743,     59.0,     58.0,     58.0,    181.0,  9, 10, 11, 11,    1251079,    1251079,    1251079,    1251079
 6,    2577753,     59.0,     59.0,     58.0,    182.0,  9, 10, 11, 11,    1251079,    1251079,    1251079,    1251079
 6,    2577763,     60.0,     60.0,     59.0,    183.0,  9, 10, 11, 11,    1251079,    1251079,    1251079,    1251079
 6,    2578469,     62.0,     62.0,     61.0,    186.0,  9, 10, 11, 11,    1251079,    1251079,    1251079,    1251079
 6,    1016927,     51.0,     51.0,     51.0,    155.0,  9, 10, 11, 10,    1251138,    1251138,    1251138,    1251138
 6,    1016937,     50.0,     50.0,     50.0,    153.0,  9, 10, 11, 10,    1251140,    1251140,    1251140,    1251140
 6,    2597384,     23.0,     23.0,     23.0,     73.0,  9, 10, 11,  9,    2413190,    2413190,    2413190,    2413190
 7,    1016922,     51.0,     51.0,     51.0,    154.0,  9, 10, 11,  9,    1251137,    1251137,    1251137,    1251137
 7,    1017010,     17.0,     17.0,     17.0,     53.0,  9, 10, 11, 10,    1251161,    1251161,    1251161,    1251161
 7,    1017066,     50.0,     50.0,     50.0,    150.0,  9, 10, 11,  9,    1251181,    1251181,    1251181,    1251181
 7,    2036426,     23.0,     23.0,     23.0,     72.0,  9, 10, 11,  9,    2035769,    2035769,    2035769,    2035769
 7,    2577658,     54.0,     54.0,     54.0,    172.0,  9, 10, 11,  9,    1251079,    1251079,    1251079,    1251079
 7,    2577678,     54.0,     55.0,     54.0,    173.0,  9, 10, 11,  9,    1251079,    1251079,    1251079,    1251079
 7,    2577704,     55.0,     56.0,     55.0,    175.0,  9, 10, 11,  9,    1251079,    1251079,    1251079,    1251079
 7,    2577720,     56.0,     56.0,     56.0,    176.0,  9, 10, 11,  9,    1251079,    1251079,    1251079,    1251079
 7,    2577743,     56.0,     57.0,     57.0,    177.0,  9, 10, 11,  9,    1251079,    1251079,    1251079,    1251079
 7,    2577753,     57.0,     58.0,     57.0,    178.0,  9, 10, 11,  9,    1251079,    1251079,    1251079,    1251079
 7,    2577763,     58.0,     58.0,     58.0,    179.0,  9, 10, 11,  9,    1251079,    1251079,    1251079,    1251079
 7,    2578469,     60.0,     60.0,     60.0,    182.0,  9, 10, 11,  9,    1251079,    1251079,    1251079,    1251079
 7,    1016927,     51.0,     51.0,     51.0,    155.0,  9, 10, 11,  9,    1251138,    1251138,    1251138,    1251138
 7,    1016937,     50.0,     49.0,     50.0,    150.0,  9, 10, 11, 10,    1251140,    1251140,    1251140,    1251140
 7,    2597384,     23.0,     23.0,     23.0,     73.0,  9, 10, 11,  9,    2413190,    2413190,    2413190,    2413190
 8,    1016922,     51.0,     50.0,     51.0,    151.0,  9, 10, 11, 10,    1251137,    1251137,    1251137,    1251137
 8,    1017010,     18.0,     17.0,     16.0,     51.0,  9, 10, 11, 11,    1251161,    1251161,    1251161,    1251161
 8,    1017066,     50.0,     50.0,     50.0,    151.0,  9, 10, 11,  9,    1251181,    1251181,    1251181,    1251181
 8,    2036426,     23.0,     22.0,     22.0,     72.0,  9, 10, 11,  9,    2035769,    2035769,    2035769,    2035769
 8,    2577658,     54.0,     53.0,     51.0,    165.0,  9, 10, 11, 11,    1251079,    1251079,    1251079,    1251079
 8,    2577678,     55.0,     53.0,     52.0,    165.0,  9, 10, 11, 11,    1251079,    1251079,    1251079,    1251079
 8,    2577704,     56.0,     54.0,     53.0,    167.0,  9, 10, 11, 11,    1251079,    1251079,    1251079,    1251079
 8,    2577720,     57.0,     55.0,     53.0,    168.0,  9, 10, 11, 11,    1251079,    1251079,    1251079,    1251079
 8,    2577743,     57.0,     56.0,     54.0,    169.0,  9, 10, 11, 11,    1251079,    1251079,    1251079,    1251079
 8,    2577753,     58.0,     56.0,     55.0,    170.0,  9, 10, 11, 11,    1251079,    1251079,    1251079,    1251079
 8,    2577763,     59.0,     57.0,     55.0,    171.0,  9, 10, 11, 11,    1251079,    1251079,    1251079,    1251079
 8,    2578469,     60.0,     59.0,     57.0,    174.0,  9, 10, 11, 11,    1251079,    1251079,    1251079,    1251079
 8,    1016927,     51.0,     51.0,     51.0,    155.0,  9, 10, 11,  9,    1251138,    1251138,    1251138,    1251138
 8,    1016937,     50.0,     49.0,     49.0,    151.0,  9, 10, 11, 10,    1251140,    1251140,    1251140,    1251140
 8,    2597384,     23.0,     23.0,     23.0,     73.0,  9, 10, 11,  9,    2413190,    2413190,    2413190,    2413190
 9,    1016922,     51.0,     50.0,     50.0,    151.0,  9, 10, 11, 10,    1251137,    1251137,    1251137,    1251137
 9,    1017010,     17.0,     16.0,     16.0,     50.0,  9, 10, 11, 11,    1251161,    1251161,    1251161,    1251161
 9,    1017066,     50.0,     50.0,     50.0,    151.0,  9, 10, 11,  9,    1251181,    1251181,    1251181,    1251181
 9,    2036426,     23.0,     22.0,     22.0,     72.0,  9, 10, 11,  9,    2035769,    2035769,    2035769,    2035769
 9,    2577658,     54.0,     52.0,     50.0,    160.0,  9, 10, 11, 11,    1251079,    1251079,    1251079,    1251079
 9,    2577678,     55.0,     53.0,     50.0,    161.0,  9, 10, 11, 11,    1251079,    1251079,    1251079,    1251079
 9,    2577704,     56.0,     54.0,     51.0,    162.0,  9, 10, 11, 11,    1251079,    1251079,    1251079,    1251079
 9,    2577720,     56.0,     54.0,     52.0,    163.0,  9, 10, 11, 11,    1251079,    1251079,    1251079,    1251079
 9,    2577743,     57.0,     55.0,     53.0,    164.0,  9, 10, 11, 11,    1251079,    1251079,    1251079,    1251079
 9,    2577753,     58.0,     56.0,     53.0,    165.0,  9, 10, 11, 11,    1251079,    1251079,    1251079,    1251079
 9,    2577763,     58.0,     56.0,     54.0,    166.0,  9, 10, 11, 11,    1251079,    1251079,    1251079,    1251079
 9,    2578469,     60.0,     58.0,     56.0,    170.0,  9, 10, 11, 11,    1251079,    1251079,    1251079,    1251079
 9,    1016927,     51.0,     51.0,     51.0,    155.0,  9, 10, 11,  9,    1251138,    1251138,    1251138,    1251138
 9,    1016937,     49.0,     48.0,     49.0,    147.0,  9, 10, 11, 10,    1251140,    1251140,    1251140,    1251140
 9,    2597384,     23.0,     23.0,     23.0,     73.0,  9, 10, 11,  9,    2413190,    2413190,    2413190,    2413190
10,    1016922,     49.0,     50.0,     50.0,    151.0,  9, 10, 11,  9,    1251137,    1251137,    1251137,    1251137
10,    1017010,     17.0,     15.0,     15.0,     46.0,  9, 10, 11, 10,    1251161,    1251161,    1251161,    1251161
10,    1017066,     50.0,     50.0,     50.0,    151.0,  9, 10, 11,  9,    1251181,    1251181,    1251181,    1251181
10,    2036426,     23.0,     23.0,     22.0,     72.0,  9, 10, 11,  9,    2035769,    2035769,    2035769,    2035769
10,    2577658,     52.0,     52.0,     51.0,    164.0,  9, 10, 11, 11,    1251079,    1251079,    1251079,    1251079
10,    2577678,     52.0,     53.0,     51.0,    164.0,  9, 10, 11, 11,    1251079,    1251079,    1251079,    1251079
10,    2577704,     53.0,     54.0,     52.0,    166.0,  9, 10, 11, 11,    1251079,    1251079,    1251079,    1251079
10,    2577720,     54.0,     55.0,     53.0,    167.0,  9, 10, 11, 11,    1251079,    1251079,    1251079,    1251079
10,    2577743,     54.0,     55.0,     54.0,    168.0,  9, 10, 11, 11,    1251079,    1251079,    1251079,    1251079
10,    2577753,     55.0,     56.0,     54.0,    169.0,  9, 10, 11, 11,    1251079,    1251079,    1251079,    1251079
10,    2577763,     56.0,     56.0,     55.0,    169.0,  9, 10, 11, 11,    1251079,    1251079,    1251079,    1251079
10,    2578469,     57.0,     58.0,     57.0,    173.0,  9, 10, 11, 11,    1251079,    1251079,    1251079,    1251079
10,    1016927,     51.0,     51.0,     51.0,    155.0,  9, 10, 11,  9,    1251138,    1251138,    1251138,    1251138
10,    1016937,     48.0,     48.0,     49.0,    148.0,  9, 10, 11,  9,    1251140,    1251140,    1251140,    1251140
10,    2597384,     23.0,     23.0,     23.0,     73.0,  9, 10, 11,  9,    2413190,    2413190,    2413190,    2413190
11,    1016922,     50.0,     50.0,     50.0,    152.0,  9, 10, 11,  9,    1251137,    1251137,    1251137,    1251137
11,    1017010,     17.0,     16.0,     12.0,     38.0,  9, 10, 11, 11,    1251161,    1251161,    1251161,    1251161
11,    1017066,     50.0,     50.0,     50.0,    150.0,  9, 10, 11,  9,    1251181,    1251181,    1251181,    1251181
11,    2036426,     23.0,     22.0,     22.0,     72.0,  9, 10, 11,  9,    2035769,    2035769,    2035769,    2035769
11,    2577658,     51.0,     51.0,     50.0,    161.0,  9, 10, 11, 11,    1251079,    1251079,    1251079,    1251079
11,    2577678,     52.0,     52.0,     51.0,    162.0,  9, 10, 11, 11,    1251079,    1251079,    1251079,    1251079
11,    2577704,     53.0,     53.0,     52.0,    163.0,  9, 10, 11, 11,    1251079,    1251079,    1251079,    1251079
11,    2577720,     53.0,     53.0,     52.0,    164.0,  9, 10, 11, 11,    1251079,    1251079,    1251079,    1251079
11,    2577743,     54.0,     54.0,     53.0,    166.0,  9, 10, 11, 11,    1251079,    1251079,    1251079,    1251079
11,    2577753,     54.0,     55.0,     53.0,    166.0,  9, 10, 11, 11,    1251079,    1251079,    1251079,    1251079
11,    2577763,     55.0,     55.0,     54.0,    167.0,  9, 10, 11, 11,    1251079,    1251079,    1251079,    1251079
11,    2578469,     57.0,     57.0,     56.0,    171.0,  9, 10, 11, 11,    1251079,    1251079,    1251079,    1251079
11,    1016927,     51.0,     51.0,     51.0,    155.0,  9, 10, 11,  9,    1251138,    1251138,    1251138,    1251138
11,    1016937,     49.0,     49.0,     48.0,    149.0,  9, 10, 11, 11,    1251140,    1251140,    1251140,    1251140
11,    2597384,     23.0,     23.0,     23.0,     73.0,  9, 10, 11,  9,    2413190,    2413190,    2413190,    2413190
12,    1016922,     50.0,     50.0,     50.0,    151.0,  9, 10, 11, 11,    1251137,    1251137,    1251137,    1251137
12,    1017010,     16.0,     17.0,     15.0,     46.0,  9, 10, 11, 11,    1251161,    1251161,    1251161,    1251161
12,    1017066,     50.0,     50.0,     50.0,    150.0,  9, 10, 11,  9,    1251181,    1251181,    1251181,    1251181
12,    2036426,     23.0,     22.0,     22.0,     72.0,  9, 10, 11,  9,    2035769,    2035769,    2035769,    2035769
12,    2577658,     51.0,     53.0,     51.0,    164.0,  9, 10, 11,  9,    1251079,    1251079,    1251079,    1251079
12,    2577678,     52.0,     53.0,     51.0,    165.0,  9, 10, 11,  9,    1251079,    1251079,    1251079,    1251079
12,    2577704,     53.0,     54.0,     52.0,    166.0,  9, 10, 11,  9,    1251079,    1251079,    1251079,    1251079
12,    2577720,     53.0,     55.0,     53.0,    167.0,  9, 10, 11,  9,    1251079,    1251079,    1251079,    1251079
12,    2577743,     54.0,     56.0,     54.0,    168.0,  9, 10, 11,  9,    1251079,    1251079,    1251079,    1251079
12,    2577753,     54.0,     56.0,     54.0,    169.0,  9, 10, 11,  9,    1251079,    1251079,    1251079,    1251079
12,    2577763,     55.0,     57.0,     55.0,    170.0,  9, 10, 11,  9,    1251079,    1251079,    1251079,    1251079
12,    2578469,     57.0,     59.0,     57.0,    172.0,  9, 10, 11,  9,    1251079,    1251079,    1251079,    1251079
12,    1016927,     51.0,     51.0,     51.0,    155.0,  9, 10, 11,  9,    1251138,    1251138,    1251138,    1251138
12,    1016937,     47.0,     49.0,     49.0,    146.0,  9, 10, 11,  9,    1251140,    1251140,    1251140,    1251140
12,    2597384,     23.0,     23.0,     23.0,     73.0,  9, 10, 11,  9,    2413190,    2413190,    2413190,    2413190
13,    1016922,     50.0,     51.0,     49.0,    149.0,  9, 10, 11, 11,    1251137,    1251137,    1251137,    1251137
13,    1017010,     15.0,     17.0,     15.0,     46.0,  9, 10, 11, 11,    1251161,    1251161,    1251161,    1251161
13,    1017066,     49.0,     49.0,     49.0,    150.0,  9, 10, 11,  9,    1251181,    1251181,    1251181,    1251181
13,    2036426,     23.0,     23.0,     22.0,     72.0,  9, 10, 11,  9,    2035769,    2035769,    2035769,    2035769
13,    2577658,     54.0,     54.0,     51.0,    163.0,  9,  2, 11, 11,    1251079,      41685,    1251079,    1251079
13,    2577678,     55.0,     54.0,     51.0,    164.0,  9, 10, 11, 11,    1251079,    1251079,    1251079,    1251079
13,    2577704,     56.0,     55.0,     52.0,    165.0,  9, 10, 11, 11,    1251079,    1251079,    1251079,    1251079
13,    2577720,     56.0,     56.0,     53.0,    166.0,  9, 10, 11, 11,    1251079,    1251079,    1251079,    1251079
13,    2577743,     57.0,     57.0,     54.0,    168.0,  9, 10, 11, 11,    1251079,    1251079,    1251079,    1251079
13,    2577753,     58.0,     57.0,     54.0,    169.0,  9, 10, 11, 11,    1251079,    1251079,    1251079,    1251079
13,    2577763,     58.0,     58.0,     55.0,    170.0,  9, 10, 11, 11,    1251079,    1251079,    1251079,    1251079
13,    2578469,     60.0,     60.0,     57.0,    173.0,  9, 10, 11, 11,    1251079,    1251079,    1251079,    1251079
13,    1016927,     51.0,     50.0,     50.0,    152.0,  9, 10, 11, 11,    1251138,    1251138,    1251138,    1251138
13,    1016937,     48.0,     48.0,     49.0,    147.0,  9, 10, 11,  9,    1251140,    1251140,    1251140,    1251140
13,    2597384,     23.0,     23.0,     23.0,     73.0,  9, 10, 11,  9,    2413190,    2413190,    2413190,    2413190
14,    1016922,     50.0,     51.0,     50.0,    151.0,  9, 10, 11, 11,    1251137,    1251137,    1251137,    1251137
14,    1017010,     16.0,     15.0,     16.0,     47.0,  9, 10, 11, 10,    1251161,    1251161,    1251161,    1251161
14,    1017066,     50.0,     50.0,     50.0,    150.0,  9, 10, 11,  9,    1251181,    1251181,    1251181,    1251181
14,    2036426,     23.0,     22.0,     23.0,     72.0,  9, 10, 11,  9,    2035769,    2035769,    2035769,    2035769
14,    2577658,     53.0,     52.0,     52.0,    166.0,  9, 10, 11, 10,    1251079,    1251079,    1251079,    1251079
14,    2577678,     54.0,     52.0,     53.0,    167.0,  9, 10, 11, 10,    1251079,    1251079,    1251079,    1251079
14,    2577704,     55.0,     53.0,     54.0,    169.0,  9, 10, 11, 10,    1251079,    1251079,    1251079,    1251079
14,    2577720,     55.0,     54.0,     55.0,    170.0,  9, 10, 11, 10,    1251079,    1251079,    1251079,    1251079
14,    2577743,     56.0,     55.0,     55.0,    171.0,  9, 10, 11, 10,    1251079,    1251079,    1251079,    1251079
14,    2577753,     57.0,     55.0,     56.0,    172.0,  9, 10, 11, 10,    1251079,    1251079,    1251079,    1251079
14,    2577763,     57.0,     56.0,     56.0,    173.0,  9, 10, 11, 10,    1251079,    1251079,    1251079,    1251079
14,    2578469,     59.0,     58.0,     58.0,    176.0,  9, 10, 11, 10,    1251079,    1251079,    1251079,    1251079
14,    1016927,     51.0,     51.0,     50.0,    154.0,  9, 10, 11, 11,    1251138,    1251138,    1251138,    1251138
14,    1016937,     49.0,     49.0,     48.0,    148.0,  9, 10, 11, 11,    1251140,    1251140,    1251140,    1251140
14,    2597384,     23.0,     23.0,     23.0,     73.0,  9, 10, 11,  9,    2413190,    2413190,    2413190,    2413190
15,    1016922,     50.0,     51.0,     49.0,    150.0,  9, 10, 11, 11,    1251137,    1251137,    1251137,    1251137
15,    1017010,     16.0,     16.0,     17.0,     50.0,  9, 10, 11, 10,    1251161,    1251161,    1251161,    1251161
15,    1017066,     50.0,     50.0,     50.0,    150.0,  9, 10, 11,  9,    1251181,    1251181,    1251181,    1251181
15,    2036426,     23.0,     23.0,     23.0,     72.0,  9, 10, 11,  9,    2035769,    2035769,    2035769,    2035769
15,    2577658,     54.0,     53.0,     53.0,    170.0,  9, 10, 11, 11,    1251079,    1251079,    1251079,    1251079
15,    2577678,     54.0,     54.0,     53.0,    170.0,  9, 10, 11, 11,    1251079,    1251079,    1251079,    1251079
15,    2577704,     55.0,     55.0,     54.0,    172.0,  9, 10, 11, 11,    1251079,    1251079,    1251079,    1251079
15,    2577720,     56.0,     56.0,     55.0,    173.0,  9, 10, 11, 11,    1251079,    1251079,    1251079,    1251079
15,    2577743,     57.0,     56.0,     56.0,    174.0,  9, 10, 11, 11,    1251079,    1251079,    1251079,    1251079
15,    2577753,     57.0,     57.0,     56.0,    175.0,  9, 10, 11, 11,    1251079,    1251079,    1251079,    1251079
15,    2577763,     58.0,     58.0,     57.0,    176.0,  9, 10, 11, 11,    1251079,    1251079,    1251079,    1251079
15,    2578469,     60.0,     59.0,     59.0,    179.0,  9, 10, 11, 11,    1251079,    1251079,    1251079,    1251079
15,    1016927,     51.0,     51.0,     51.0,    155.0,  9, 10, 11, 10,    1251138,    1251138,    1251138,    1251138
15,    1016937,     49.0,     49.0,     49.0,    151.0,  9, 10, 11, 11,    1251140,    1251140,    1251140,    1251140
15,    2597384,     23.0,     23.0,     23.0,     73.0,  9, 10, 11,  9,    2413190,    2413190,    2413190,    2413190
16,    1016922,     50.0,     51.0,     50.0,    153.0,  9, 10, 11,  9,    1251137,    1251137,    1251137,    1251137
16,    1017010,     16.0,     16.0,     16.0,     49.0,  9, 10, 11,  9,    1251161,    1251161,    1251161,    1251161
16,    1017066,     50.0,     50.0,     50.0,    150.0,  9, 10, 11,  9,    1251181,    1251181,    1251181,    1251181
16,    2036426,     23.0,     23.0,     23.0,     72.0,  9, 10, 11,  9,    2035769,    2035769,    2035769,    2035769
16,    2577658,     53.0,     54.0,     53.0,    170.0,  9, 10, 11, 11,    1251079,    1251079,    1251079,    1251079
16,    2577678,     54.0,     54.0,     53.0,    171.0,  9, 10, 11, 11,    1251079,    1251079,    1251079,    1251079
16,    2577704,     55.0,     55.0,     54.0,    172.0,  9, 10, 11, 11,    1251079,    1251079,    1251079,    1251079
16,    2577720,     55.0,     56.0,     55.0,    173.0,  9, 10, 11, 11,    1251079,    1251079,    1251079,    1251079
16,    2577743,     56.0,     57.0,     56.0,    175.0,  9, 10, 11,  9,    1251079,    1251079,    1251079,    1251079
16,    2577753,     57.0,     57.0,     56.0,    175.0,  9, 10, 11, 11,    1251079,    1251079,    1251079,    1251079
16,    2577763,     57.0,     58.0,     57.0,    176.0,  9, 10, 11, 11,    1251079,    1251079,    1251079,    1251079
16,    2578469,     59.0,     60.0,     59.0,    179.0,  9, 10, 11, 11,    1251079,    1251079,    1251079,    1251079
16,    1016927,     51.0,     51.0,     51.0,    155.0,  9, 10, 11, 10,    1251138,    1251138,    1251138,    1251138
16,    1016937,     49.0,     49.0,     49.0,    151.0,  9, 10, 11,  9,    1251140,    1251140,    1251140,    1251140
16,    2597384,     23.0,     23.0,     23.0,     73.0,  9, 10, 11,  9,    2413190,    2413190,    2413190,    2413190
17,    1016922,     50.0,     51.0,     50.0,    153.0,  9, 10, 11,  9,    1251137,    1251137,    1251137,    1251137
17,    1017010,     16.0,     16.0,     16.0,     48.0,  9, 10, 11, 10,    1251161,    1251161,    1251161,    1251161
17,    1017066,     49.0,     49.0,     49.0,    150.0,  9, 10, 11,  9,    1251181,    1251181,    1251181,    1251181
17,    2036426,     23.0,     22.0,     23.0,     72.0,  9, 10, 11,  9,    2035769,    2035769,    2035769,    2035769
17,    2577658,     53.0,     53.0,     54.0,    172.0,  9, 10, 11,  9,    1251079,    1251079,    1251079,    1251079
17,    2577678,     54.0,     54.0,     54.0,    172.0,  9, 10, 11,  9,    1251079,    1251079,    1251079,    1251079
17,    2577704,     55.0,     55.0,     55.0,    174.0,  9, 10, 11,  9,    1251079,    1251079,    1251079,    1251079
17,    2577720,     56.0,     56.0,     56.0,    175.0,  9, 10, 11,  9,    1251079,    1251079,    1251079,    1251079
17,    2577743,     56.0,     56.0,     57.0,    176.0,  9, 10, 11,  9,    1251079,    1251079,    1251079,    1251079
17,    2577753,     57.0,     57.0,     58.0,    177.0,  9, 10, 11,  9,    1251079,    1251079,    1251079,    1251079
17,    2577763,     57.0,     58.0,     58.0,    178.0,  9, 10, 11,  9,    1251079,    1251079,    1251079,    1251079
17,    2578469,     59.0,     60.0,     60.0,    181.0,  9, 10, 11,  9,    1251079,    1251079,    1251079,    1251079
17,    1016927,     51.0,     51.0,     50.0,    153.0,  9, 10, 11, 11,    1251138,    1251138,    1251138,    1251138
17,    1016937,     49.0,     49.0,     49.0,    150.0,  9, 10, 11, 10,    1251140,    1251140,    1251140,    1251140
17,    2597384,     23.0,     23.0,     23.0,     73.0,  9, 10, 11,  9,    2413190,    2413190,    2413190,    2413190
18,    1016922,     50.0,     50.0,     50.0,    152.0,  9, 10, 11,  9,    1251137,    1251137,    1251137,    1251137
18,    1017010,     16.0,     16.0,     16.0,     49.0,  9, 10, 11, 10,    1251161,    1251161,    1251161,    1251161
18,    1017066,     50.0,     50.0,     50.0,    150.0,  9, 10, 11,  9,    1251181,    1251181,    1251181,    1251181
18,    2036426,     23.0,     23.0,     23.0,     72.0,  9, 10, 11,  9,    2035769,    2035769,    2035769,    2035769
18,    2577658,     53.0,     53.0,     53.0,    170.0,  9, 10, 11,  9,    1251079,    1251079,    1251079,    1251079
18,    2577678,     53.0,     53.0,     54.0,    171.0,  9, 10, 11,  9,    1251079,    1251079,    1251079,    1251079
18,    2577704,     54.0,     54.0,     55.0,    172.0,  9, 10, 11,  9,    1251079,    1251079,    1251079,    1251079
18,    2577720,     55.0,     55.0,     55.0,    173.0,  9, 10, 11,  9,    1251079,    1251079,    1251079,    1251079
18,    2577743,     56.0,     56.0,     56.0,    174.0,  9, 10, 11,  9,    1251079,    1251079,    1251079,    1251079
18,    2577753,     56.0,     56.0,     57.0,    175.0,  9, 10, 11,  9,    1251079,    1251079,    1251079,    1251079
18,    2577763,     57.0,     57.0,     57.0,    176.0,  9, 10, 11,  9,    1251079,    1251079,    1251079,    1251079
18,    2578469,     59.0,     59.0,     59.0,    179.0,  9, 10, 11,  9,    1251079,    1251079,    1251079,    1251079
18,    1016927,     51.0,     50.0,     50.0,    153.0,  9, 10, 11, 10,    1251138,    1251138,    1251138,    1251138
18,    1016937,     49.0,     49.0,     49.0,    151.0,  9, 10, 11,  9,    1251140,    1251140,    1251140,    1251140
18,    2597384,     23.0,     23.0,     23.0,     73.0,  9, 10, 11,  9,    2413190,    2413190,    2413190,    2413190
19,    1016922,     50.0,     51.0,     50.0,    153.0,  9, 10, 11,  9,    1251137,    1251137,    1251137,    1251137
19,    1017010,     16.0,     17.0,     16.0,     50.0,  9, 10, 11,  9,    1251161,    1251161,    1251161,    1251161
19,    1017066,     50.0,     50.0,     50.0,    150.0,  9, 10, 11,  9,    1251181,    1251181,    1251181,    1251181
19,    2036426,     23.0,     22.0,     22.0,     72.0,  9, 10, 11,  9,    2035769,    2035769,    2035769,    2035769
19,    2577658,     52.0,     49.0,     50.0,    158.0,  9, 10, 11, 10,    1251079,    1251079,    1251079,    1251079
19,    2577678,     53.0,     50.0,     50.0,    159.0,  9, 10, 11, 10,    1251079,    1251079,    1251079,    1251079
19,    2577704,     54.0,     51.0,     51.0,    160.0,  9, 10, 11, 10,    1251079,    1251079,    1251079,    1251079
19,    2577720,     54.0,     51.0,     52.0,    161.0,  9, 10, 11, 10,    1251079,    1251079,    1251079,    1251079
19,    2577743,     55.0,     52.0,     52.0,    162.0,  9, 10, 11, 10,    1251079,    1251079,    1251079,    1251079
19,    2577753,     55.0,     52.0,     53.0,    163.0,  9, 10, 11, 10,    1251079,    1251079,    1251079,    1251079
19,    2577763,     56.0,     53.0,     54.0,    164.0,  9, 10, 11, 10,    1251079,    1251079,    1251079,    1251079
19,    2578469,     58.0,     55.0,     56.0,    167.0,  9, 10, 11, 10,    1251079,    1251079,    1251079,    1251079
19,    1016927,     51.0,     51.0,     50.0,    154.0,  9, 10, 11, 11,    1251138,    1251138,    1251138,    1251138
19,    1016937,     48.0,     49.0,     49.0,    149.0,  9, 10, 11,  9,    1251140,    1251140,    1251140,    1251140
19,    2597384,     23.0,     23.0,     23.0,     73.0,  9, 10, 11,  9,    2413190,    2413190,    2413190,    2413190
20,    1016922,     50.0,     50.0,     50.0,    152.0,  9, 10, 11, 11,    1251137,    1251137,    1251137,    1251137
20,    1017010,     16.0,     16.0,     16.0,     49.0,  9, 10, 11,  9,    1251161,    1251161,    1251161,    1251161
20,    1017066,     50.0,     50.0,     50.0,    150.0,  9, 10, 11,  9,    1251181,    1251181,    1251181,    1251181
20,    2036426,     22.0,     22.0,     22.0,     72.0,  9, 10, 11,  9,    2035769,    2035769,    2035769,    2035769
20,    2577658,     50.0,     50.0,     51.0,    161.0,  9, 10, 11, 10,    1251079,    1251079,    1251079,    1251079
20,    2577678,     51.0,     51.0,     52.0,    162.0,  9, 10, 11,  9,    1251079,    1251079,    1251079,    1251079
20,    2577704,     52.0,     52.0,     52.0,    163.0,  9, 10, 11, 10,    1251079,    1251079,    1251079,    1251079
20,    2577720,     52.0,     52.0,     53.0,    164.0,  9, 10, 11, 10,    1251079,    1251079,    1251079,    1251079
20,    2577743,     53.0,     53.0,     54.0,    165.0,  9, 10, 11,  9,    1251079,    1251079,    1251079,    1251079
20,    2577753,     53.0,     53.0,     54.0,    166.0,  9, 10, 11,  9,    1251079,    1251079,    1251079,    1251079
20,    2577763,     54.0,     54.0,     55.0,    167.0,  9, 10, 11,  9,    1251079,    1251079,    1251079,    1251079
20,    2578469,     56.0,     56.0,     57.0,    170.0,  9, 10, 11,  9,    1251079,    1251079,    1251079,    1251079
20,    1016927,     51.0,     51.0,     51.0,    155.0,  9, 10, 11,  9,    1251138,    1251138,    1251138,    1251138
20,    1016937,     49.0,     48.0,     49.0,    148.0,  9, 10, 11, 10,    1251140,    1251140,    1251140,    1251140
20,    2597384,     23.0,     23.0,     23.0,     73.0,  9, 10, 11,  9,    2413190,    2413190,    2413190,    2413190
21,    1016922,     50.0,     50.0,     50.0,    151.0,  9, 10, 11,  9,    1251137,    1251137,    1251137,    1251137
21,    1017010,     15.0,     16.0,     16.0,     46.0,  9, 10, 11,  9,    1251161,    1251161,    1251161,    1251161
21,    1017066,     50.0,     50.0,     50.0,    150.0,  9, 10, 11,  9,    1251181,    1251181,    1251181,    1251181
21,    2036426,     23.0,     22.0,     22.0,     72.0,  9, 10, 11,  9,    2035769,    2035769,    2035769,    2035769
21,    2577658,     53.0,     51.0,     50.0,    160.0,  9, 10, 11, 11,    1251079,    1251079,    1251079,    1251079
21,    2577678,     53.0,     51.0,     50.0,    160.0,  9, 10, 11, 11,    1251079,    1251079,    1251079,    1251079
21,    2577704,     54.0,     52.0,     51.0,    162.0,  9, 10, 11, 11,    1251079,    1251079,    1251079,    1251079
21,    2577720,     55.0,     53.0,     52.0,    163.0,  9, 10, 11, 11,    1251079,    1251079,    1251079,    1251079
21,    2577743,     56.0,     53.0,     52.0,    164.0,  9, 10, 11, 11,    1251079,    1251079,    1251079,    1251079
21,    2577753,     56.0,     54.0,     53.0,    165.0,  9, 10, 11, 11,    1251079,    1251079,    1251079,    1251079
21,    2577763,     57.0,     55.0,     53.0,    166.0,  9, 10, 11, 11,    1251079,    1251079,    1251079,    1251079
21,    2578469,     59.0,     56.0,     55.0,    169.0,  9, 10, 11, 11,    1251079,    1251079,    1251079,    1251079
21,    1016927,     51.0,     51.0,     51.0,    155.0,  9, 10, 11,  9,    1251138,    1251138,    1251138,    1251138
21,    1016937,     49.0,     48.0,     48.0,    149.0,  9, 10, 11, 10,    1251140,    1251140,    1251140,    1251140
21,    2597384,     23.0,     23.0,     23.0,     72.0,  9, 10, 11,  9,    2413190,    2413190,    2413190,    2413190
22,    1016922,     50.0,     50.0,     50.0,    153.0,  9, 10, 11,  9,    1251137,    1251137,    1251137,    1251137
22,    1017010,     15.0,     17.0,     16.0,     47.0,  9, 10, 11,  9,    1251161,    1251161,    1251161,    1251161
22,    1017066,     50.0,     50.0,     50.0,    151.0,  9, 10, 11,  9,    1251181,    1251181,    1251181,    1251181
22,    2036426,     23.0,     22.0,     22.0,     72.0,  9, 10, 11,  9,    2035769,    2035769,    2035769,    2035769
22,    2577658,     53.0,     52.0,     52.0,    167.0,  9, 10, 11, 11,    1251079,    1251079,    1251079,    1251079
22,    2577678,     53.0,     53.0,     52.0,    168.0,  9, 10, 11, 10,    1251079,    1251079,    1251079,    1251079
22,    2577704,     54.0,     54.0,     53.0,    170.0,  9, 10, 11, 10,    1251079,    1251079,    1251079,    1251079
22,    2577720,     55.0,     54.0,     54.0,    171.0,  9, 10, 11, 10,    1251079,    1251079,    1251079,    1251079
22,    2577743,     55.0,     55.0,     55.0,    172.0,  9, 10, 11, 10,    1251079,    1251079,    1251079,    1251079
22,    2577753,     56.0,     56.0,     55.0,    173.0,  9, 10, 11, 10,    1251079,    1251079,    1251079,    1251079
22,    2577763,     57.0,     56.0,     56.0,    174.0,  9, 10, 11, 10,    1251079,    1251079,    1251079,    1251079
22,    2578469,     59.0,     58.0,     58.0,    177.0,  9, 10, 11, 10,    1251079,    1251079,    1251079,    1251079
22,    1016927,     51.0,     50.0,     51.0,    153.0,  9, 10, 11, 10,    1251138,    1251138,    1251138,    1251138
22,    1016937,     49.0,     49.0,     49.0,    151.0,  9, 10, 11, 10,    1251140,    1251140,    1251140,    1251140
22,    2597384,     23.0,     23.0,     23.0,     72.0,  9, 10, 11,  9,    2413190,    2413190,    2413190,    2413190
23,    1016922,     51.0,     51.0,     50.0,    153.0,  9, 10, 11, 11,    1251137,    1251137,    1251137,    1251137
23,    1017010,     17.0,     16.0,     17.0,     48.0,  9, 10, 11, 10,    1251161,    1251161,    1251161,    1251161
23,    1017066,     50.0,     50.0,     50.0,    151.0,  9, 10, 11,  9,    1251181,    1251181,    1251181,    1251181
23,    2036426,     23.0,     22.0,     23.0,     72.0,  9, 10, 11,  9,    2035769,    2035769,    2035769,    2035769
23,    2577658,     54.0,     53.0,     53.0,    172.0,  9, 10, 11, 10,    1251079,    1251079,    1251079,    1251079
23,    2577678,     54.0,     54.0,     54.0,    173.0,  9, 10, 11, 10,    1251079,    1251079,    1251079,    1251079
23,    2577704,     55.0,     55.0,     55.0,    174.0,  9, 10, 11, 10,    1251079,    1251079,    1251079,    1251079
23,    2577720,     56.0,     56.0,     56.0,    175.0,  9, 10, 11, 10,    1251079,    1251079,    1251079,    1251079
23,    2577743,     57.0,     56.0,     56.0,    176.0,  9, 10, 11, 10,    1251079,    1251079,    1251079,    1251079
23,    2577753,     57.0,     57.0,     57.0,    177.0,  9, 10, 11, 10,    1251079,    1251079,    1251079,    1251079
23,    2577763,     58.0,     58.0,     58.0,    178.0,  9, 10, 11, 10,    1251079,    1251079,    1251079,    1251079
23,    2578469,     60.0,     60.0,     60.0,    181.0,  9, 10, 11, 10,    1251079,    1251079,    1251079,    1251079
23,    1016927,     51.0,     50.0,     51.0,    154.0,  9, 10, 11, 10,    1251138,    1251138,    1251138,    1251138
23,    1016937,     50.0,     49.0,     49.0,    151.0,  9, 10, 11, 10,    1251140,    1251140,    1251140,    1251140
23,    2597384,     23.0,     23.0,     23.0,     72.0,  9, 10, 11,  9,    2413190,    2413190,    2413190,    2413190
24,    1016922,     54.0,     53.0,     53.0,    162.0, 12, 12, 12, 10,    1251137,    1251137,    1251137,    1251137
24,    1017010,     18.0,     19.0,     20.0,     61.0, 12, 12, 12,  9,    1251161,    1251161,    1251161,    1251161
24,    1017066,     51.0,     51.0,     51.0,    153.0,  9, 10, 11,  9,    1251181,    1251181,    1251181,    1251181
24,    2036426,     27.0,     27.0,     27.0,     79.0,  9, 10, 11,  9,    2035769,    2035769,    2035769,    2035769
24,    2577658,     66.0,     67.0,     66.0,    188.0,  4,  5,  6,  4,      41685,      41685,      41685,      41685
24,    2577678,     71.0,     72.0,     71.0,    202.0,  4,  5,  6,  4,      41685,      41685,      41685,      41685
24,    2577704,     70.0,     74.0,     73.0,    223.0, 12, 12, 12,  9,    1251079,    1251079,    1251079,    1251079
24,    2577720,     69.0,     74.0,     72.0,    221.0, 12, 12, 12,  9,    1251079,    1251079,    1251079,    1251079
24,    2577743,     69.0,     73.0,     71.0,    220.0, 12, 12, 12,  9,    1251079,    1251079,    1251079,    1251079
24,    2577753,     68.0,     72.0,     70.0,    219.0, 12, 12, 12,  9,    1251079,    1251079,    1251079,    1251079
24,    2577763,     67.0,     71.0,     70.0,    218.0, 12, 12, 12,  9,    1251079,    1251079,    1251079,    1251079
24,    2578469,     66.0,     70.0,     68.0,    215.0, 12, 12, 12,  9,    1251079,    1251079,    1251079,    1251079
24,    1016927,     54.0,     54.0,     54.0,    161.0,  9, 10, 11,  9,    1251138,    1251138,    1251138,    1251138
24,    1016937,     54.0,     54.0,     54.0,    162.0, 12, 12, 12,  9,    1251140,    1251140,    1251140,    1251140
24,    2597384,     26.0,     26.0,     26.0,     79.0, 12, 12, 12,  9,    2413190,    2413190,    2413190,    2413190
25,    1016922,     53.0,     53.0,     54.0,    162.0, 12, 12, 11,  9,    1251137,    1251137,    1251137,    1251137
25,    1017010,     19.0,     19.0,     19.0,     60.0, 12, 12, 12, 10,    1251161,    1251161,    1251161,    1251161
25,    1017066,     51.0,     51.0,     51.0,    153.0,  9, 10, 11,  9,    1251181,    1251181,    1251181,    1251181
25,    2036426,     27.0,     27.0,     27.0,     79.0,  9, 10, 11,  9,    2035769,    2035769,    2035769,    2035769
25,    2577658,     66.0,     66.0,     66.0,    187.0,  4,  5,  6,  4,      41685,      41685,      41685,      41685
25,    2577678,     71.0,     71.0,     71.0,    201.0,  4,  5,  6,  4,      41685,      41685,      41685,      41685
25,    2577704,     71.0,     73.0,     73.0,    222.0, 12, 12, 12,  9,    1251079,    1251079,    1251079,    1251079
25,    2577720,     71.0,     72.0,     72.0,    221.0, 12, 12, 12,  9,    1251079,    1251079,    1251079,    1251079
25,    2577743,     70.0,     72.0,     71.0,    220.0, 12, 12, 12,  9,    1251079,    1251079,    1251079,    1251079
25,    2577753,     69.0,     71.0,     71.0,    218.0, 12, 12, 12,  9,    1251079,    1251079,    1251079,    1251079
25,    2577763,     69.0,     70.0,     70.0,    217.0, 12, 12, 12,  9,    1251079,    1251079,    1251079,    1251079
25,    2578469,     67.0,     68.0,     68.0,    214.0, 12, 12, 12,  9,    1251079,    1251079,    1251079,    1251079
25,    1016927,     54.0,     54.0,     54.0,    161.0,  9, 10, 11,  9,    1251138,    1251138,    1251138,    1251138
25,    1016937,     54.0,     54.0,     55.0,    162.0, 12, 12, 11,  9,    1251140,    1251140,    1251140,    1251140
25,    2597384,     26.0,     26.0,     26.0,     79.0, 12, 12, 12,  9,    2413190,    2413190,    2413190,    2413190
26,    1016922,     53.0,     53.0,     54.0,    161.0, 12, 12, 11, 10,    1251137,    1251137,    1251137,    1251137
26,    1017010,     19.0,     19.0,     19.0,     61.0, 12, 12, 12,  9,    1251161,    1251161,    1251161,    1251161
26,    1017066,     51.0,     51.0,     51.0,    153.0,  9, 10, 11,  9,    1251181,    1251181,    1251181,    1251181
26,    2036426,     27.0,     27.0,     27.0,     79.0,  9, 10, 11,  9,    2035769,    2035769,    2035769,    2035769
26,    2577658,     66.0,     66.0,     66.0,    187.0,  4,  5,  6,  4,      41685,    2577658,      41685,      41685
26,    2577678,     71.0,     72.0,     71.0,    201.0,  4,  5,  6,  4,      41685,      41685,      41685,      41685
26,    2577704,     71.0,     73.0,     73.0,    222.0, 12, 12, 12,  9,    1251079,    1251079,    1251079,    1251079
26,    2577720,     70.0,     73.0,     72.0,    221.0, 12, 12, 12,  9,    1251079,    1251079,    1251079,    1251079
26,    2577743,     69.0,     72.0,     71.0,    220.0, 12, 12, 12,  9,    1251079,    1251079,    1251079,    1251079
26,    2577753,     69.0,     71.0,     71.0,    219.0, 12, 12, 12,  9,    1251079,    1251079,    1251079,    1251079
26,    2577763,     68.0,     70.0,     70.0,    218.0, 12, 12, 12,  9,    1251079,    1251079,    1251079,    1251079
26,    2578469,     66.0,     69.0,     68.0,    214.0, 12, 12, 12,  9,    1251079,    1251079,    1251079,    1251079
26,    1016927,     54.0,     54.0,     54.0,    161.0,  9, 10, 11,  9,    1251138,    1251138,    1251138,    1251138
26,    1016937,     54.0,     54.0,     54.0,    162.0, 12, 12, 12,  9,    1251140,    1251140,    1251140,    1251140
26,    2597384,     26.0,     26.0,     26.0,     79.0, 12, 12, 12,  9,    2413190,    2413190,    2413190,    2413190
27,    1016922,     53.0,     53.0,     54.0,    161.0, 12, 12, 11, 10,    1251137,    1251137,    1251137,    1251137
27,    1017010,     19.0,     19.0,     19.0,     60.0, 12, 12, 12, 10,    1251161,    1251161,    1251161,    1251161
27,    1017066,     51.0,     51.0,     51.0,    153.0,  9, 10, 11,  9,    1251181,    1251181,    1251181,    1251181
27,    2036426,     27.0,     27.0,     27.0,     79.0,  9, 10, 11,  9,    2035769,    2035769,    2035769,    2035769
27,    2577658,     66.0,     66.0,     66.0,    186.0,  4,  5,  6,  6,      41685,      41685,      41685,      41685
27,    2577678,     71.0,     71.0,     71.0,    200.0,  4,  5,  6,  6,      41685,      41685,      41685,      41685
27,    2577704,     72.0,     73.0,     72.0,    221.0, 12, 12, 12, 10,    1251079,    1251079,    1251079,    1251079
27,    2577720,     71.0,     72.0,     71.0,    220.0, 12, 12, 12, 10,    1251079,    1251079,    1251079,    1251079
27,    2577743,     71.0,     72.0,     71.0,    219.0, 12, 12, 12, 10,    1251079,    1251079,    1251079,    1251079
27,    2577753,     70.0,     71.0,     70.0,    218.0, 12, 12, 12, 10,    1251079,    1251079,    1251079,    1251079
27,    2577763,     69.0,     70.0,     69.0,    217.0, 12, 12, 12, 10,    1251079,    1251079,    1251079,    1251079
27,    2578469,     67.0,     68.0,     68.0,    214.0, 12, 12, 12, 10,    1251079,    1251079,    1251079,    1251079
27,    1016927,     54.0,     54.0,     54.0,    160.0,  9, 10, 11,  9,    1251138,    1251138,    1251138,    1251138
27,    1016937,     54.0,     54.0,     54.0,    162.0, 12, 12, 12,  9,    1251140,    1251140,    1251140,    1251140
27,    2597384,     26.0,     26.0,     26.0,     79.0, 12, 12, 12,  9,    2413190,    2413190,    2413190,    2413190
28,    1016922,     53.0,     53.0,     54.0,    161.0, 12, 12, 11, 10,    1251137,    1251137,    1251137,    1251137
28,    1017010,     19.0,     19.0,     19.0,     60.0, 12, 12, 12,  9,    1251161,    1251161,    1251161,    1251161
28,    1017066,     51.0,     51.0,     51.0,    153.0,  9, 10, 11,  9,    1251181,    1251181,    1251181,    1251181
28,    2036426,     27.0,     27.0,     27.0,     79.0,  9, 10, 11,  9,    2035769,    2035769,    2035769,    2035769
28,    2577658,     66.0,     66.0,     66.0,    187.0,  4,  5,  6,  4,      41685,      41685,      41685,      41685
28,    2577678,     71.0,     71.0,     71.0,    201.0,  4,  5,  6,  4,      41685,      41685,      41685,      41685
28,    2577704,     72.0,     73.0,     72.0,    221.0, 12, 12, 12, 10,    1251079,    1251079,    1251079,    1251079
28,    2577720,     71.0,     72.0,     72.0,    219.0, 12, 12, 12, 10,    1251079,    1251079,    1251079,    1251079
28,    2577743,     70.0,     71.0,     71.0,    218.0, 12, 12, 12, 10,    1251079,    1251079,    1251079,    1251079
28,    2577753,     70.0,     71.0,     70.0,    217.0, 12, 12, 12, 10,    1251079,    1251079,    1251079,    1251079
28,    2577763,     69.0,     70.0,     70.0,    216.0, 12, 12, 12, 10,    1251079,    1251079,    1251079,    1251079
28,    2578469,     67.0,     68.0,     68.0,    213.0, 12, 12, 12, 10,    1251079,    1251079,    1251079,    1251079
28,    1016927,     54.0,     54.0,     54.0,    160.0,  9, 10, 11,  9,    1251138,    1251138,    1251138,    1251138
28,    1016937,     54.0,     54.0,     54.0,    162.0, 12, 12, 12,  9,    1251140,    1251140,    1251140,    1251140
28,    2597384,     26.0,     26.0,     26.0,     79.0, 12, 12, 12,  9,    2413190,    2413190,    2413190,    2413190
29,    1016922,     53.0,     53.0,     54.0,    162.0, 12, 12, 11,  9,    1251137,    1251137,    1251137,    1251137
29,    1017010,     19.0,     19.0,     19.0,     60.0, 12, 12, 12,  9,    1251161,    1251161,    1251161,    1251161
29,    1017066,     51.0,     51.0,     51.0,    153.0,  9, 10, 11,  9,    1251181,    1251181,    1251181,    1251181
29,    2036426,     27.0,     27.0,     27.0,     79.0,  9, 10, 11,  9,    2035769,    2035769,    2035769,    2035769
29,    2577658,     66.0,     66.0,     66.0,    186.0,  4,  5,  6,  6,      41685,      41685,      41685,      41685
29,    2577678,     71.0,     71.0,     71.0,    200.0,  4,  5,  6,  6,      41685,      41685,      41685,      41685
29,    2577704,     71.0,     74.0,     73.0,    221.0, 12, 12, 12,  9,    1251079,    1251079,    1251079,    1251079
29,    2577720,     70.0,     73.0,     72.0,    220.0, 12, 12, 12,  9,    1251079,    1251079,    1251079,    1251079
29,    2577743,     70.0,     72.0,     71.0,    218.0, 12, 12, 12,  9,    1251079,    1251079,    1251079,    1251079
29,    2577753,     69.0,     71.0,     71.0,    217.0, 12, 12, 12,  9,    1251079,    1251079,    1251079,    1251079
29,    2577763,     68.0,     71.0,     70.0,    216.0, 12, 12, 12,  9,    1251079,    1251079,    1251079,    1251079
29,    2578469,     67.0,     69.0,     68.0,    213.0, 12, 12, 12,  9,    1251079,    1251079,    1251079,    1251079
29,    1016927,     54.0,     54.0,     54.0,    160.0,  9, 10, 11,  9,    1251138,    1251138,    1251138,    1251138
29,    1016937,     54.0,     54.0,     55.0,    162.0, 12, 12, 11,  9,    1251140,    1251140,    1251140,    1251140
29,    2597384,     26.0,     26.0,     26.0,     79.0, 12, 12, 12,  9,    2413190,    2413190,    2413190,    2413190
30,    1016922,     53.0,     53.0,     53.0,    161.0, 12, 12, 12,  9,    1251137,    1251137,    1251137,    1251137
30,    1017010,     19.0,     19.0,     19.0,     60.0, 12, 12, 12,  9,    1251161,    1251161,    1251161,    1251161
30,    1017066,     51.0,     51.0,     51.0,    153.0,  9, 10, 11,  9,    1251181,    1251181,    1251181,    1251181
30,    2036426,     27.0,     27.0,     27.0,     79.0,  9, 10, 11,  9,    2035769,    2035769,    2035769,    2035769
30,    2577658,     66.0,     66.0,     66.0,    186.0,  4,  5,  6,  4,      41685,      41685,      41685,      41685
30,    2577678,     71.0,     71.0,     71.0,    200.0,  4,  5,  6,  4,      41685,      41685,      41685,      41685
30,    2577704,     71.0,     73.0,     73.0,    220.0, 12, 12, 12,  9,    1251079,    1251079,    1251079,    1251079
30,    2577720,     70.0,     72.0,     73.0,    219.0, 12, 12, 12,  9,    1251079,    1251079,    1251079,    1251079
30,    2577743,     70.0,     71.0,     72.0,    218.0, 12, 12, 12,  9,    1251079,    1251079,    1251079,    1251079
30,    2577753,     69.0,     70.0,     71.0,    217.0, 12, 12, 12,  9,    1251079,    1251079,    1251079,    1251079
30,    2577763,     68.0,     70.0,     71.0,    216.0, 12, 12, 12,  9,    1251079,    1251079,    1251079,    1251079
30,    2578469,     67.0,     68.0,     69.0,    213.0, 12, 12, 12,  9,    1251079,    1251079,    1251079,    1251079
30,    1016927,     54.0,     54.0,     54.0,    160.0,  9, 10, 11,  9,    1251138,    1251138,    1251138,    1251138
30,    1016937,     54.0,     54.0,     55.0,    162.0, 12, 12, 11,  9,    1251140,    1251140,    1251140,    1251140
30,    2597384,     26.0,     26.0,     26.0,     78.0,  9, 10, 11,  9,    2413190,    2413190,    2413190,    2413190
31,    1016922,     53.0,     53.0,     53.0,    162.0, 12, 12, 12,  9,    1251137,    1251137,    1251137,    1251137
31,    1017010,     19.0,     19.0,     19.0,     59.0, 12, 12, 12,  9,    1251161,    1251161,    1251161,    1251161
31,    1017066,     51.0,     51.0,     51.0,    153.0,  9, 10, 11,  9,    1251181,    1251181,    1251181,    1251181
31,    2036426,     27.0,     27.0,     27.0,     79.0,  9, 10, 11,  9,    2035769,    2035769,    2035769,    2035769
31,    2577658,     67.0,     67.0,     67.0,    190.0,  4,  5,  6,  5,      41685,      41685,      41685,      41685
31,    2577678,     72.0,     72.0,     72.0,    204.0,  4,  5,  6,  5,      41685,      41685,      41685,      41685
31,    2577704,     72.0,     73.0,     73.0,    225.0, 12, 12, 12, 10,    1251079,    1251079,    1251079,    1251079
31,    2577720,     71.0,     72.0,     72.0,    224.0, 12, 12, 12, 10,    1251079,    1251079,    1251079,    1251079
31,    2577743,     70.0,     71.0,     71.0,    223.0, 12, 12, 12, 10,    1251079,    1251079,    1251079,    1251079
31,    2577753,     69.0,     70.0,     71.0,    222.0, 12, 12, 12, 10,    1251079,    1251079,    1251079,    1251079
31,    2577763,     69.0,     70.0,     70.0,    221.0, 12, 12, 12, 10,    1251079,    1251079,    1251079,    1251079
31,    2578469,     67.0,     68.0,     68.0,    218.0, 12, 12, 12, 10,    1251079,    1251079,    1251079,    1251079
31,    1016927,     54.0,     54.0,     54.0,    161.0,  9, 10, 11,  9,    1251138,    1251138,    1251138,    1251138
31,    1016937,     54.0,     55.0,     54.0,    163.0, 12, 12, 12,  9,    1251140,    1251140,    1251140,    1251140
31,    2597384,     26.0,     26.0,     26.0,     78.0,  9, 10, 11,  9,    2413190,    2413190,    2413190,    2413190
32,    1016922,     52.0,     54.0,     53.0,    161.0, 12, 12, 12,  9,    1251137,    1251137,    1251137,    1251137
32,    1017010,     18.0,     19.0,     20.0,     59.0, 12, 12, 12,  9,    1251161,    1251161,    1251161,    1251161
32,    1017066,     51.0,     51.0,     51.0,    153.0,  9, 10, 11,  9,    1251181,    1251181,    1251181,    1251181
32,    2036426,     27.0,     27.0,     27.0,     79.0,  9, 10, 11,  9,    2035769,    2035769,    2035769,    2035769
32,    2577658,     67.0,     69.0,     69.0,    189.0,  4,  5,  6,  4,      41685,      41685,      41685,      41685
32,    2577678,     70.0,     73.0,     74.0,    204.0, 12, 12,  6,  4,    1251079,    1251079,      41685,      41685
32,    2577704,     69.0,     72.0,     76.0,    225.0, 12, 12, 12,  9,    1251079,    1251079,    1251079,    1251079
32,    2577720,     68.0,     71.0,     75.0,    224.0, 12, 12, 12,  9,    1251079,    1251079,    1251079,    1251079
32,    2577743,     67.0,     71.0,     74.0,    223.0, 12, 12, 12,  9,    1251079,    1251079,    1251079,    1251079
32,    2577753,     67.0,     70.0,     73.0,    222.0, 12, 12, 12,  9,    1251079,    1251079,    1251079,    1251079
32,    2577763,     66.0,     70.0,     73.0,    221.0, 12, 12, 12,  9,    1251079,    1251079,    1251079,    1251079
32,    2578469,     64.0,     68.0,     71.0,    217.0, 12, 12, 12,  9,    1251079,    1251079,    1251079,    1251079
32,    1016927,     54.0,     54.0,     54.0,    161.0,  9, 10, 11,  9,    1251138,    1251138,    1251138,    1251138
32,    1016937,     53.0,     54.0,     55.0,    163.0, 12, 12, 11,  9,    1251140,    1251140,    1251140,    1251140
32,    2597384,     26.0,     26.0,     26.0,     78.0,  9, 10, 11,  9,    2413190,    2413190,    2413190,    2413190
33,    1016922,     52.0,     54.0,     53.0,    162.0, 12, 12, 12,  9,    1251137,    1251137,    1251137,    1251137
33,    1017010,     18.0,     19.0,     20.0,     60.0, 12, 12, 12,  9,    1251161,    1251161,    1251161,    1251161
33,    1017066,     51.0,     51.0,     51.0,    153.0,  9, 10, 11,  9,    1251181,    1251181,    1251181,    1251181
33,    2036426,     27.0,     27.0,     27.0,     79.0,  9, 10, 11,  9,    2035769,    2035769,    2035769,    2035769
33,    2577658,     67.0,     69.0,     70.0,    191.0,  4,  5,  6,  4,      41685,      41685,      41685,      41685
33,    2577678,     69.0,     73.0,     75.0,    205.0, 12, 12,  6,  4,    1251079,    1251079,      41685,      41685
33,    2577704,     68.0,     72.0,     77.0,    226.0, 12, 12, 12,  9,    1251079,    1251079,    1251079,    1251079
33,    2577720,     67.0,     71.0,     76.0,    225.0, 12, 12, 12,  9,    1251079,    1251079,    1251079,    1251079
33,    2577743,     66.0,     71.0,     75.0,    223.0, 12, 12, 12,  9,    1251079,    1251079,    1251079,    1251079
33,    2577753,     66.0,     70.0,     74.0,    222.0, 12, 12, 12,  9,    1251079,    1251079,    1251079,    1251079
33,    2577763,     65.0,     69.0,     74.0,    221.0, 12, 12, 12,  9,    1251079,    1251079,    1251079,    1251079
33,    2578469,     63.0,     68.0,     72.0,    218.0, 12, 12, 12,  9,    1251079,    1251079,    1251079,    1251079
33,    1016927,     54.0,     54.0,     54.0,    161.0,  9, 10, 11,  9,    1251138,    1251138,    1251138,    1251138
33,    1016937,     53.0,     55.0,     54.0,    165.0, 12, 12, 12, 11,    1251140,    1251140,    1251140,    1251140
33,    2597384,     26.0,     26.0,     26.0,     78.0,  9, 10, 11,  9,    2413190,    2413190,    2413190,    2413190
34,    1016922,     54.0,     53.0,     53.0,    162.0, 12, 12, 12, 10,    1251137,    1251137,    1251137,    1251137
34,    1017010,     16.0,     20.0,     20.0,     61.0, 12, 12, 12,  9,    1251161,    1251161,    1251161,    1251161
34,    1017066,     51.0,     51.0,     51.0,    153.0,  9, 10, 11,  9,    1251181,    1251181,    1251181,    1251181
34,    2036426,     27.0,     27.0,     27.0,     79.0,  9, 10, 11,  9,    2035769,    2035769,    2035769,    2035769
34,    2577658,     69.0,     69.0,     70.0,    195.0,  4,  5,  6,  4,      41685,      41685,      41685,      41685
34,    2577678,     73.0,     72.0,     75.0,    210.0, 12, 12,  6,  4,    1251079,    1251079,      41685,      41685
34,    2577704,     72.0,     71.0,     74.0,    231.0, 12, 12, 12, 10,    1251079,    1251079,    1251079,    1251079
34,    2577720,     71.0,     70.0,     73.0,    230.0, 12, 12, 12, 10,    1251079,    1251079,    1251079,    1251079
34,    2577743,     70.0,     70.0,     72.0,    229.0, 12, 12, 12, 10,    1251079,    1251079,    1251079,    1251079
34,    2577753,     70.0,     69.0,     71.0,    227.0, 12, 12, 12, 10,    1251079,    1251079,    1251079,    1251079
34,    2577763,     69.0,     69.0,     71.0,    226.0, 12, 12, 12, 10,    1251079,    1251079,    1251079,    1251079
34,    2578469,     67.0,     67.0,     69.0,    223.0, 12, 12, 12, 10,    1251079,    1251079,    1251079,    1251079
34,    1016927,     54.0,     54.0,     54.0,    161.0,  9, 10, 11,  9,    1251138,    1251138,    1251138,    1251138
34,    1016937,     55.0,     54.0,     54.0,    166.0, 12, 12, 12, 10,    1251140,    1251140,    1251140,    1251140
34,    2597384,     26.0,     26.0,     26.0,     78.0,  9, 10, 11,  9,    2413190,    2413190,    2413190,    2413190
35,    1016922,     54.0,     53.0,     53.0,    162.0, 12, 12, 12, 11,    1251137,    1251137,    1251137,    1251137
35,    1017010,     15.0,     17.0,     24.0,     61.0, 12, 12, 12,  9,    1251161,    1251161,    1251161,    1251161
35,    1017066,     51.0,     51.0,     51.0,    153.0,  9, 10, 11,  9,    1251181,    1251181,    1251181,    1251181
35,    2036426,     27.0,     27.0,     27.0,     79.0,  9, 10, 11,  9,    2035769,    2035769,    2035769,    2035769
35,    2577658,     68.0,     70.0,     71.0,    194.0,  4,  5,  6,  4,      41685,      41685,      41685,      41685
35,    2577678,     73.0,     73.0,     74.0,    208.0, 12, 12, 12,  4,    1251079,    1251079,    1251079,      41685
35,    2577704,     72.0,     72.0,     73.0,    234.0, 12, 12, 12, 10,    1251079,    1251079,    1251079,    1251079
35,    2577720,     71.0,     71.0,     72.0,    233.0, 12, 12, 12, 10,    1251079,    1251079,    1251079,    1251079
35,    2577743,     70.0,     70.0,     72.0,    232.0, 12, 12, 12, 10,    1251079,    1251079,    1251079,    1251079
35,    2577753,     70.0,     70.0,     71.0,    231.0, 12, 12, 12, 10,    1251079,    1251079,    1251079,    1251079
35,    2577763,     69.0,     69.0,     70.0,    230.0, 12, 12, 12, 10,    1251079,    1251079,    1251079,    1251079
35,    2578469,     67.0,     67.0,     69.0,    227.0, 12, 12, 12, 10,    1251079,    1251079,    1251079,    1251079
35,    1016927,     54.0,     54.0,     54.0,    161.0,  9, 10, 11,  9,    1251138,    1251138,    1251138,    1251138
35,    1016937,     54.0,     53.0,     55.0,    165.0, 12, 12, 12, 10,    1251140,    1251140,    1251140,    1251140
35,    2597384,     26.0,     26.0,     26.0,     78.0,  9, 10, 11,  9,    2413190,    2413190,    2413190,    2413190
36,    1016922,     53.0,     53.0,     54.0,    162.0, 12, 12, 12, 10,    1251137,    1251137,    1251137,    1251137
36,    1017010,     18.0,     18.0,     21.0,     62.0, 12, 12, 12,  9,    1251161,    1251161,    1251161,    1251161
36,    1017066,     51.0,     51.0,     51.0,    153.0,  9, 10, 11,  9,    1251181,    1251181,    1251181,    1251181
36,    2036426,     27.0,     27.0,     27.0,     79.0,  9, 10, 11,  9,    2035769,    2035769,    2035769,    2035769
36,    2577658,     68.0,     69.0,     69.0,    193.0,  4,  5,  6,  4,      41685,      41685,      41685,      41685
36,    2577678,     73.0,     72.0,     74.0,    208.0,  4, 12,  6,  4,      41685,    1251079,      41685,      41685
36,    2577704,     73.0,     71.0,     74.0,    229.0, 12, 12, 12, 10,    1251079,    1251079,    1251079,    1251079
36,    2577720,     72.0,     70.0,     73.0,    227.0, 12, 12, 12, 10,    1251079,    1251079,    1251079,    1251079
36,    2577743,     71.0,     69.0,     72.0,    226.0, 12, 12, 12, 10,    1251079,    1251079,    1251079,    1251079
36,    2577753,     70.0,     69.0,     71.0,    225.0, 12, 12, 12, 10,    1251079,    1251079,    1251079,    1251079
36,    2577763,     70.0,     68.0,     71.0,    224.0, 12, 12, 12, 10,    1251079,    1251079,    1251079,    1251079
36,    2578469,     68.0,     66.0,     69.0,    221.0, 12, 12, 12, 10,    1251079,    1251079,    1251079,    1251079
36,    1016927,     54.0,     54.0,     53.0,    161.0,  9, 10, 12,  9,    1251138,    1251138,    1251138,    1251138
36,    1016937,     56.0,     53.0,     53.0,    163.0, 12, 12, 12, 11,    1251140,    1251140,    1251140,    1251140
36,    2597384,     26.0,     26.0,     26.0,     78.0,  9, 10, 11,  9,    2413190,    2413190,    2413190,    2413190
37,    1016922,     53.0,     52.0,     55.0,    162.0, 12, 12, 12, 10,    1251137,    1251137,    1251137,    1251137
37,    1017010,     19.0,     17.0,     20.0,     62.0, 12, 12, 12, 10,    1251161,    1251161,    1251161,    1251161
37,    1017066,     51.0,     51.0,     51.0,    154.0,  9, 10, 11,  9,    1251181,    1251181,    1251181,    1251181
37,    2036426,     27.0,     27.0,     27.0,     79.0,  9, 10, 11,  9,    2035769,    2035769,    2035769,    2035769
37,    2577658,     67.0,     68.0,     69.0,    189.0,  4,  5,  6,  4,      41685,      41685,      41685,      41685
37,    2577678,     71.0,     72.0,     75.0,    203.0, 12, 12,  6,  4,    1251079,    1251079,      41685,      41685
37,    2577704,     70.0,     71.0,     76.0,    226.0, 12, 12, 12, 10,    1251079,    1251079,    1251079,    1251079
37,    2577720,     69.0,     70.0,     75.0,    225.0, 12, 12, 12,  9,    1251079,    1251079,    1251079,    1251079
37,    2577743,     68.0,     69.0,     75.0,    224.0, 12, 12, 12,  9,    1251079,    1251079,    1251079,    1251079
37,    2577753,     68.0,     69.0,     74.0,    223.0, 12, 12, 12,  9,    1251079,    1251079,    1251079,    1251079
37,    2577763,     67.0,     68.0,     73.0,    222.0, 12, 12, 12,  9,    1251079,    1251079,    1251079,    1251079
37,    2578469,     65.0,     66.0,     71.0,    218.0, 12, 12, 12,  9,    1251079,    1251079,    1251079,    1251079
37,    1016927,     53.0,     53.0,     55.0,    161.0, 12, 12, 11,  9,    1251138,    1251138,    1251138,    1251138
37,    1016937,     55.0,     54.0,     54.0,    165.0, 12, 12, 12, 11,    1251140,    1251140,    1251140,    1251140
37,    2597384,     26.0,     26.0,     26.0,     78.0,  9, 10, 11,  9,    2413190,    2413190,    2413190,    2413190
38,    1016922,     53.0,     53.0,     54.0,    162.0, 12, 12, 12,  9,    1251137,    1251137,    1251137,    1251137
38,    1017010,     18.0,     20.0,     19.0,     63.0, 12, 12, 12,  9,    1251161,    1251161,    1251161,    1251161
38,    1017066,     51.0,     51.0,     51.0,    153.0,  9, 10, 11,  9,    1251181,    1251181,    1251181,    1251181
38,    2036426,     27.0,     27.0,     27.0,     79.0,  9, 10, 11,  9,    2035769,    2035769,    2035769,    2035769
38,    2577658,     68.0,     70.0,     69.0,    192.0,  4,  5,  6,  4,      41685,      41685,      41685,      41685
38,    2577678,     71.0,     75.0,     74.0,    206.0, 12,  5,  6,  4,    1251079,      41685,      41685,      41685
38,    2577704,     70.0,     74.0,     72.0,    229.0, 12, 12, 12,  9,    1251079,    1251079,    1251079,    1251079
38,    2577720,     70.0,     73.0,     72.0,    228.0, 12, 12, 12,  9,    1251079,    1251079,    1251079,    1251079
38,    2577743,     69.0,     72.0,     71.0,    227.0, 12, 12, 12,  9,    1251079,    1251079,    1251079,    1251079
38,    2577753,     68.0,     72.0,     70.0,    226.0, 12, 12, 12,  9,    1251079,    1251079,    1251079,    1251079
38,    2577763,     68.0,     71.0,     70.0,    225.0, 12, 12, 12,  9,    1251079,    1251079,    1251079,    1251079
38,    2578469,     66.0,     69.0,     68.0,    221.0, 12, 12, 12,  9,    1251079,    1251079,    1251079,    1251079
38,    1016927,     53.0,     53.0,     54.0,    160.0, 12, 12, 11,  9,    1251138,    1251138,    1251138,    1251138
38,    1016937,     54.0,     52.0,     56.0,    164.0, 12, 12, 11,  9,    1251140,    1251140,    1251140,    1251140
38,    2597384,     26.0,     26.0,     26.0,     78.0,  9, 10, 11,  9,    2413190,    2413190,    2413190,    2413190
39,    1016922,     53.0,     52.0,     54.0,    162.0, 12, 12, 12,  9,    1251137,    1251137,    1251137,    1251137
39,    1017010,     18.0,     20.0,     19.0,     61.0, 12, 12, 12, 11,    1251161,    1251161,    1251161,    1251161
39,    1017066,     51.0,     51.0,     51.0,    154.0,  9, 10, 11,  9,    1251181,    1251181,    1251181,    1251181
39,    2036426,     27.0,     27.0,     27.0,     79.0,  9, 10, 11,  9,    2035769,    2035769,    2035769,    2035769
39,    2577658,     67.0,     68.0,     68.0,    190.0,  4,  5,  6,  4,      41685,      41685,      41685,      41685
39,    2577678,     72.0,     73.0,     73.0,    204.0,  4,  5,  6,  4,      41685,      41685,      41685,      41685
39,    2577704,     71.0,     72.0,     74.0,    227.0, 12, 12, 12,  9,    1251079,    1251079,    1251079,    1251079
39,    2577720,     70.0,     71.0,     73.0,    226.0, 12, 12, 12,  9,    1251079,    1251079,    1251079,    1251079
39,    2577743,     70.0,     71.0,     72.0,    225.0, 12, 12, 12,  9,    1251079,    1251079,    1251079,    1251079
39,    2577753,     69.0,     70.0,     72.0,    224.0, 12, 12, 12,  9,    1251079,    1251079,    1251079,    1251079
39,    2577763,     68.0,     69.0,     71.0,    223.0, 12, 12, 12,  9,    1251079,    1251079,    1251079,    1251079
39,    2578469,     66.0,     68.0,     69.0,    219.0, 12, 12, 12,  9,    1251079,    1251079,    1251079,    1251079
39,    1016927,     54.0,     54.0,     54.0,    160.0,  9, 10, 11,  9,    1251138,    1251138,    1251138,    1251138
39,    1016937,     55.0,     53.0,     55.0,    163.0,  9, 12, 12, 10,    1251140,    1251140,    1251140,    1251140
39,    2597384,     26.0,     26.0,     26.0,     78.0,  9, 10, 11,  9,    2413190,    2413190,    2413190,    2413190
40,    1016922,     53.0,     53.0,     54.0,    162.0, 12, 12, 11,  9,    1251137,    1251137,    1251137,    1251137
40,    1017010,     19.0,     19.0,     19.0,     62.0, 12, 12, 12, 11,    1251161,    1251161,    1251161,    1251161
40,    1017066,     51.0,     51.0,     51.0,    153.0,  9, 10, 11,  9,    1251181,    1251181,    1251181,    1251181
40,    2036426,     27.0,     27.0,     27.0,     79.0,  9, 10, 11,  9,    2035769,    2035769,    2035769,    2035769
40,    2577658,     68.0,     67.0,     67.0,    191.0,  4,  5,  6,  4,      41685,      41685,      41685,      41685
40,    2577678,     73.0,     72.0,     72.0,    205.0,  4,  5,  6,  5,      41685,      41685,      41685,      41685
40,    2577704,     72.0,     72.0,     73.0,    226.0, 12, 12, 12, 10,    1251079,    1251079,    1251079,    1251079
40,    2577720,     71.0,     72.0,     72.0,    224.0, 12, 12, 12, 10,    1251079,    1251079,    1251079,    1251079
40,    2577743,     70.0,     71.0,     72.0,    223.0, 12, 12, 12, 10,    1251079,    1251079,    1251079,    1251079
40,    2577753,     70.0,     70.0,     71.0,    222.0, 12, 12, 12, 10,    1251079,    1251079,    1251079,    1251079
40,    2577763,     69.0,     70.0,     70.0,    221.0, 12, 12, 12, 10,    1251079,    1251079,    1251079,    1251079
40,    2578469,     67.0,     68.0,     68.0,    218.0, 12, 12, 12, 10,    1251079,    1251079,    1251079,    1251079
40,    1016927,     54.0,     54.0,     54.0,    160.0,  9, 10, 11,  9,    1251138,    1251138,    1251138,    1251138
40,    1016937,     54.0,     54.0,     54.0,    164.0, 12, 12, 12, 10,    1251140,    1251140,    1251140,    1251140
40,    2597384,     26.0,     26.0,     26.0,     78.0,  9, 10, 11,  9,    2413190,    2413190,    2413190,    2413190
41,    1016922,     53.0,     53.0,     53.0,    162.0, 12, 12, 12, 10,    1251137,    1251137,    1251137,    1251137
41,    1017010,     18.0,     19.0,     20.0,     62.0, 12, 12, 12,  9,    1251161,    1251161,    1251161,    1251161
41,    1017066,     51.0,     51.0,     51.0,    154.0,  9, 10, 11,  9,    1251181,    1251181,    1251181,    1251181
41,    2036426,     27.0,     27.0,     27.0,     79.0,  9, 10, 11,  9,    2035769,    2035769,    2035769,    2035769
41,    2577658,     67.0,     68.0,     67.0,    190.0,  4,  5,  6,  4,      41685,      41685,      41685,      41685
41,    2577678,     72.0,     73.0,     72.0,    204.0,  4,  5,  6,  6,      41685,      41685,      41685,      41685
41,    2577704,     72.0,     74.0,     71.0,    226.0, 12, 12, 12, 11,    1251079,    1251079,    1251079,    1251079
41,    2577720,     71.0,     73.0,     71.0,    225.0, 12, 12, 12, 11,    1251079,    1251079,    1251079,    1251079
41,    2577743,     71.0,     72.0,     70.0,    224.0, 12, 12, 12, 11,    1251079,    1251079,    1251079,    1251079
41,    2577753,     70.0,     71.0,     69.0,    223.0, 12, 12, 12, 11,    1251079,    1251079,    1251079,    1251079
41,    2577763,     69.0,     71.0,     69.0,    222.0, 12, 12, 12, 11,    1251079,    1251079,    1251079,    1251079
41,    2578469,     67.0,     69.0,     67.0,    218.0, 12, 12, 12, 11,    1251079,    1251079,    1251079,    1251079
41,    1016927,     53.0,     53.0,     54.0,    160.0, 12, 12, 12,  9,    1251138,    1251138,    1251138,    1251138
41,    1016937,     54.0,     54.0,     55.0,    164.0, 12, 12, 12,  9,    1251140,    1251140,    1251140,    1251140
41,    2597384,     26.0,     26.0,     26.0,     78.0,  9, 10, 11,  9,    2413190,    2413190,    2413190,    2413190
42,    1016922,     53.0,     53.0,     53.0,    162.0, 12, 12, 12, 10,    1251137,    1251137,    1251137,    1251137
42,    1017010,     18.0,     20.0,     18.0,     62.0, 12, 12, 12, 11,    1251161,    1251161,    1251161,    1251161
42,    1017066,     51.0,     51.0,     51.0,    153.0,  9, 10, 11,  9,    1251181,    1251181,    1251181,    1251181
42,    2036426,     27.0,     27.0,     27.0,     79.0,  9, 10, 11,  9,    2035769,    2035769,    2035769,    2035769
42,    2577658,     68.0,     68.0,     68.0,    192.0,  4,  5,  6,  4,      41685,      41685,      41685,      41685
42,    2577678,     73.0,     73.0,     73.0,    206.0,  4,  5,  6,  5,      41685,      41685,      41685,      41685
42,    2577704,     71.0,     74.0,     72.0,    229.0, 12, 12, 12, 11,    1251079,    1251079,    1251079,    1251079
42,    2577720,     71.0,     73.0,     71.0,    227.0, 12, 12, 12, 11,    1251079,    1251079,    1251079,    1251079
42,    2577743,     70.0,     72.0,     71.0,    226.0, 12, 12, 12, 11,    1251079,    1251079,    1251079,    1251079
42,    2577753,     69.0,     71.0,     70.0,    225.0, 12, 12, 12, 11,    1251079,    1251079,    1251079,    1251079
42,    2577763,     69.0,     71.0,     69.0,    224.0, 12, 12, 12, 11,    1251079,    1251079,    1251079,    1251079
42,    2578469,     67.0,     69.0,     67.0,    221.0, 12, 12, 12, 11,    1251079,    1251079,    1251079,    1251079
42,    1016927,     53.0,     54.0,     54.0,    161.0, 12, 12, 11,  9,    1251138,    1251138,    1251138,    1251138
42,    1016937,     54.0,     54.0,     54.0,    164.0, 12, 12, 12, 11,    1251140,    1251140,    1251140,    1251140
42,    2597384,     26.0,     26.0,     26.0,     78.0,  9, 10, 11,  9,    2413190,    2413190,    2413190,    2413190
43,    1016922,     53.0,     53.0,     53.0,    162.0, 12, 12, 12, 10,    1251137,    1251137,    1251137,    1251137
43,    1017010,     19.0,     19.0,     19.0,     61.0, 12, 12, 12, 10,    1251161,    1251161,    1251161,    1251161
43,    1017066,     51.0,     51.0,     51.0,    153.0,  9, 10, 11,  9,    1251181,    1251181,    1251181,    1251181
43,    2036426,     27.0,     27.0,     27.0,     79.0,  9, 10, 11,  9,    2035769,    2035769,    2035769,    2035769
43,    2577658,     68.0,     71.0,     70.0,    193.0,  4,  5,  6,  4,      41685,      41685,      41685,      41685
43,    2577678,     69.0,     76.0,     75.0,    208.0, 12,  5, 12,  4,    1251079,      41685,    1251079,      41685
43,    2577704,     68.0,     74.0,     74.0,    234.0, 12, 12, 12,  9,    1251079,    1251079,    1251079,    1251079
43,    2577720,     67.0,     74.0,     73.0,    232.0, 12, 12, 12,  9,    1251079,    1251079,    1251079,    1251079
43,    2577743,     66.0,     73.0,     73.0,    231.0, 12, 12, 12,  9,    1251079,    1251079,    1251079,    1251079
43,    2577753,     66.0,     72.0,     72.0,    230.0, 12, 12, 12,  9,    1251079,    1251079,    1251079,    1251079
43,    2577763,     65.0,     72.0,     71.0,    229.0, 12, 12, 12,  9,    1251079,    1251079,    1251079,    1251079
43,    2578469,     64.0,     70.0,     69.0,    225.0, 12, 12, 12,  9,    1251079,    1251079,    1251079,    1251079
43,    1016927,     54.0,     54.0,     54.0,    161.0,  9, 10, 11,  9,    1251138,    1251138,    1251138,    1251138
43,    1016937,     55.0,     53.0,     54.0,    164.0, 12, 12, 12, 11,    1251140,    1251140,    1251140,    1251140
43,    2597384,     26.0,     26.0,     26.0,     78.0,  9, 10, 11,  9,    2413190,    2413190,    2413190,    2413190
44,    1016922,     53.0,     53.0,     54.0,    162.0, 12, 12, 12, 10,    1251137,    1251137,    1251137,    1251137
44,    1017010,     19.0,     18.0,     20.0,     62.0, 12, 12, 12, 10,    1251161,    1251161,    1251161,    1251161
44,    1017066,     51.0,     51.0,     51.0,    153.0,  9, 10, 11,  9,    1251181,    1251181,    1251181,    1251181
44,    2036426,     27.0,     27.0,     27.0,     79.0,  9, 10, 11,  9,    2035769,    2035769,    2035769,    2035769
44,    2577658,     70.0,     70.0,     69.0,    197.0,  4,  5,  6,  6,      41685,      41685,      41685,      41685
44,    2577678,     73.0,     75.0,     72.0,    212.0, 12,  5, 12,  6,    1251079,      41685,    1251079,      41685
44,    2577704,     71.0,     75.0,     70.0,    236.0, 12, 12, 12, 11,    1251079,    1251079,    1251079,    1251079
44,    2577720,     71.0,     74.0,     70.0,    234.0, 12, 12, 12, 11,    1251079,    1251079,    1251079,    1251079
44,    2577743,     70.0,     73.0,     69.0,    233.0, 12, 12, 12, 11,    1251079,    1251079,    1251079,    1251079
44,    2577753,     69.0,     72.0,     69.0,    232.0, 12, 12, 12, 11,    1251079,    1251079,    1251079,    1251079
44,    2577763,     69.0,     72.0,     68.0,    231.0, 12, 12, 12, 11,    1251079,    1251079,    1251079,    1251079
44,    2578469,     67.0,     70.0,     66.0,    228.0, 12, 12, 12, 11,    1251079,    1251079,    1251079,    1251079
44,    1016927,     54.0,     54.0,     54.0,    161.0,  9, 10, 11,  9,    1251138,    1251138,    1251138,    1251138
44,    1016937,     54.0,     55.0,     54.0,    163.0, 12, 12, 12, 11,    1251140,    1251140,    1251140,    1251140
44,    2597384,     26.0,     26.0,     26.0,     78.0,  9, 10, 11,  9,    2413190,    2413190,    2413190,    2413190
45,    1016922,     53.0,     53.0,     53.0,    163.0, 12, 12, 12, 10,    1251137,    1251137,    1251137,    1251137
45,    1017010,     19.0,     19.0,     19.0,     64.0, 12, 12, 12, 11,    1251161,    1251161,    1251161,    1251161
45,    1017066,     51.0,     51.0,     51.0,    153.0,  9, 10, 11,  9,    1251181,    1251181,    1251181,    1251181
45,    2036426,     27.0,     27.0,     27.0,     79.0,  9, 10, 11,  9,    2035769,    2035769,    2035769,    2035769
45,    2577658,     68.0,     70.0,     70.0,    193.0,  4,  5,  6,  4,      41685,      41685,      41685,      41685
45,    2577678,     69.0,     74.0,     76.0,    208.0, 12, 12,  6,  4,    1251079,    1251079,      41685,      41685
45,    2577704,     68.0,     73.0,     75.0,    231.0, 12, 12, 12,  9,    1251079,    1251079,    1251079,    1251079
45,    2577720,     67.0,     72.0,     75.0,    230.0, 12, 12, 12,  9,    1251079,    1251079,    1251079,    1251079
45,    2577743,     67.0,     71.0,     74.0,    228.0, 12, 12, 12,  9,    1251079,    1251079,    1251079,    1251079
45,    2577753,     66.0,     71.0,     73.0,    227.0, 12, 12, 12,  9,    1251079,    1251079,    1251079,    1251079
45,    2577763,     65.0,     70.0,     73.0,    226.0, 12, 12, 12,  9,    1251079,    1251079,    1251079,    1251079
45,    2578469,     64.0,     68.0,     71.0,    223.0, 12, 12, 12,  9,    1251079,    1251079,    1251079,    1251079
45,    1016927,     54.0,     54.0,     54.0,    161.0,  9, 10, 11,  9,    1251138,    1251138,    1251138,    1251138
45,    1016937,     53.0,     54.0,     55.0,    165.0, 12, 12, 12,  9,    1251140,    1251140,    1251140,    1251140
45,    2597384,     26.0,     26.0,     26.0,     79.0, 12, 12, 12,  9,    2413190,    2413190,    2413190,    2413190
46,    1016922,     53.0,     53.0,     53.0,    163.0, 12, 12, 12,  9,    1251137,    1251137,    1251137,    1251137
46,    1017010,     20.0,     18.0,     19.0,     61.0, 12, 12, 12, 10,    1251161,    1251161,    1251161,    1251161
46,    1017066,     51.0,     51.0,     51.0,    153.0,  9, 10, 11,  9,    1251181,    1251181,    1251181,    1251181
46,    2036426,     27.0,     27.0,     27.0,     79.0,  9, 10, 11,  9,    2035769,    2035769,    2035769,    2035769
46,    2577658,     68.0,     68.0,     68.0,    192.0,  4,  5,  6,  4,      41685,      41685,      41685,      41685
46,    2577678,     72.0,     74.0,     74.0,    206.0, 12,  5,  6,  4,    1251079,      41685,      41685,      41685
46,    2577704,     71.0,     73.0,     73.0,    231.0, 12, 12, 12,  9,    1251079,    1251079,    1251079,    1251079
46,    2577720,     70.0,     72.0,     73.0,    230.0, 12, 12, 12,  9,    1251079,    1251079,    1251079,    1251079
46,    2577743,     69.0,     71.0,     72.0,    229.0, 12, 12, 12,  9,    1251079,    1251079,    1251079,    1251079
46,    2577753,     69.0,     71.0,     71.0,    227.0, 12, 12, 12,  9,    1251079,    1251079,    1251079,    1251079
46,    2577763,     68.0,     70.0,     70.0,    226.0, 12, 12, 12,  9,    1251079,    1251079,    1251079,    1251079
46,    2578469,     66.0,     68.0,     69.0,    223.0, 12, 12, 12,  9,    1251079,    1251079,    1251079,    1251079
46,    1016927,     53.0,     54.0,     54.0,    161.0, 12, 12, 11,  9,    1251138,    1251138,    1251138,    1251138
46,    1016937,     54.0,     54.0,     55.0,    164.0, 12, 12, 12,  9,    1251140,    1251140,    1251140,    1251140
46,    2597384,     26.0,     26.0,     26.0,     79.0, 12, 12, 12,  9,    2413190,    2413190,    2413190,    2413190
47,    1016922,     53.0,     53.0,     54.0,    162.0, 12, 12, 11,  9,    1251137,    1251137,    1251137,    1251137
47,    1017010,     17.0,     20.0,     19.0,     62.0, 12, 12, 12,  9,    1251161,    1251161,    1251161,    1251161
47,    1017066,     51.0,     51.0,     51.0,    153.0,  9, 10, 11,  9,    1251181,    1251181,    1251181,    1251181
47,    2036426,     27.0,     27.0,     27.0,     79.0,  9, 10, 11,  9,    2035769,    2035769,    2035769,    2035769
47,    2577658,     67.0,     68.0,     67.0,    189.0,  4,  5,  6,  4,      41685,      41685,      41685,      41685
47,    2577678,     71.0,     73.0,     72.0,    203.0, 12,  5,  6,  4,    1251079,      41685,      41685,    2577678
47,    2577704,     70.0,     73.0,     74.0,    227.0, 12, 12, 12,  9,    1251079,    1251079,    1251079,    1251079
47,    2577720,     70.0,     72.0,     73.0,    225.0, 12, 12, 12,  9,    1251079,    1251079,    1251079,    1251079
47,    2577743,     69.0,     71.0,     72.0,    224.0, 12, 12, 12,  9,    1251079,    1251079,    1251079,    1251079
47,    2577753,     68.0,     71.0,     72.0,    223.0, 12, 12, 12,  9,    1251079,    1251079,    1251079,    1251079
47,    2577763,     68.0,     70.0,     71.0,    222.0, 12, 12, 12,  9,    1251079,    1251079,    1251079,    1251079
47,    2578469,     66.0,     68.0,     69.0,    219.0, 12, 12, 12,  9,    1251079,    1251079,    1251079,    1251079
47,    1016927,     54.0,     54.0,     54.0,    161.0,  9, 10, 11,  9,    1251138,    1251138,    1251138,    1251138
47,    1016937,     54.0,     54.0,     55.0,    163.0, 12, 12, 11,  9,    1251140,    1251140,    1251140,    1251140
47,    2597384,     26.0,     26.0,     26.0,     79.0, 12, 12, 12,  9,    2413190,    2413190,    2413190,    2413190
